1, 7.65814447
2, 7.37192845
3, 6.76903375
4, 6.19748151
5, 5.72968531
6, 5.36586992
7, 5.07258071
8, 4.88656059
9, 4.69893744
10, 4.55098288
11, 4.43840701
12, 4.35077202
13, 4.22798082
14, 4.12530679
15, 4.02470926
16, 3.94285741
17, 3.86236877
18, 3.79648315
19, 3.74230690
20, 3.68907402
21, 3.63317608
22, 3.57958609
23, 3.53504617
24, 3.49092659
25, 3.44606714
26, 3.39863786
27, 3.36166173
28, 3.32470569
29, 3.29743606
30, 3.26494921
31, 3.23305398
32, 3.20104174
33, 3.17415416
34, 3.14970906
35, 3.12678143
36, 3.10657224
37, 3.08195030
38, 3.06078809
39, 3.03927174
40, 3.01683120
41, 2.99811684
42, 2.98107560
43, 2.96243330
44, 2.94339725
45, 2.92653562
46, 2.90812671
47, 2.89300238
48, 2.87746405
49, 2.86331882
50, 2.84814405
51, 2.83420500
52, 2.82097373
53, 2.80686806
54, 2.79473020
55, 2.78268800
56, 2.77029484
57, 2.75922683
58, 2.74830120
59, 2.73599412
60, 2.72474834
61, 2.71392712
62, 2.70331999
63, 2.69362760
64, 2.68421146
65, 2.67544957
66, 2.66674583
67, 2.65888216
68, 2.65001547
69, 2.64076951
70, 2.63178099
71, 2.62479189
72, 2.61402049
73, 2.60651533
74, 2.59903624
75, 2.59220407
76, 2.58411112
77, 2.57678155
78, 2.57000389
79, 2.56224685
80, 2.55503158
81, 2.54849791
82, 2.54198586
83, 2.53604399
84, 2.52883027
85, 2.52213323
86, 2.51577813
87, 2.51017179
88, 2.50457086
89, 2.49867610
90, 2.49227104
91, 2.48655362
92, 2.48108073
93, 2.47540641
94, 2.46976329
95, 2.46360632
96, 2.45818081
97, 2.45315600
98, 2.44884284
99, 2.44396399
100, 2.43861229
101, 2.43251731
102, 2.42771480
103, 2.42289220
104, 2.41756214
105, 2.41259029
106, 2.40802153
107, 2.40368623
108, 2.40079506
109, 2.39618729
110, 2.39153933
111, 2.38707510
112, 2.38290608
113, 2.37809163
114, 2.37456129
115, 2.37075064
116, 2.36629049
117, 2.36233213
118, 2.35824957
119, 2.35424216
120, 2.35054670
121, 2.34626270
122, 2.34169980
123, 2.33790106
124, 2.33409704
125, 2.33009655
126, 2.32674333
127, 2.32294877
128, 2.31949347
129, 2.31603992
130, 2.31257481
131, 2.30832672
132, 2.30471445
133, 2.30168554
134, 2.29850372
135, 2.29535153
136, 2.29154447
137, 2.28783383
138, 2.28462939
139, 2.28134569
140, 2.27823745
141, 2.27573537
142, 2.27290504
143, 2.26964061
144, 2.26809268
145, 2.26561731
146, 2.26222925
147, 2.25892328
148, 2.25629668
149, 2.25315948
150, 2.24934020
151, 2.24600148
152, 2.24274918
153, 2.23936125
154, 2.23697503
155, 2.23433627
156, 2.23125813
157, 2.22894202
158, 2.22639554
159, 2.22321985
160, 2.22021611
161, 2.21787798
162, 2.21570564
163, 2.21293505
164, 2.21086367
165, 2.20769475
166, 2.20547007
167, 2.20239119
168, 2.19990837
169, 2.19778403
170, 2.19469640
171, 2.19181553
172, 2.18944868
173, 2.18772323
174, 2.18619552
175, 2.18395272
176, 2.18158809
177, 2.17936778
178, 2.17685528
179, 2.17386144
180, 2.17248512
181, 2.17031261
182, 2.16799529
183, 2.16622861
184, 2.16378856
185, 2.16154153
186, 2.15931501
187, 2.15677754
188, 2.15427570
189, 2.15260757
190, 2.15059383
191, 2.14818468
192, 2.14558247
193, 2.14309493
194, 2.14062276
195, 2.13854364
196, 2.13622126
197, 2.13389260
198, 2.13168237
199, 2.12931394
200, 2.12710437
201, 2.12452917
202, 2.12237412
203, 2.12058523
204, 2.11848329
205, 2.11598908
206, 2.11393406
207, 2.11136596
208, 2.10897074
209, 2.10647618
210, 2.10381657
211, 2.10196468
212, 2.09970812
213, 2.09763335
214, 2.09555189
215, 2.09316352
216, 2.09081327
217, 2.08887801
218, 2.08656841
219, 2.08430994
220, 2.08216916
221, 2.07976076
222, 2.07840248
223, 2.07710349
224, 2.07521312
225, 2.07312329
226, 2.07134899
227, 2.06905108
228, 2.06690173
229, 2.06469013
230, 2.06271377
231, 2.06075508
232, 2.05852254
233, 2.05614703
234, 2.05380958
235, 2.05187272
236, 2.04990640
237, 2.04877204
238, 2.04649197
239, 2.04445423
240, 2.04275081
241, 2.04090017
242, 2.03866093
243, 2.03770480
244, 2.03596880
245, 2.03406745
246, 2.03276683
247, 2.03116572
248, 2.02894513
249, 2.02692178
250, 2.02535808
251, 2.02351784
252, 2.02170975
253, 2.01967760
254, 2.01784497
255, 2.01601004
256, 2.01439341
257, 2.01259646
258, 2.01095762
259, 2.00952048
260, 2.00729003
261, 2.00528721
262, 2.00348225
263, 2.00142232
264, 2.00002105
265, 1.99834184
266, 1.99688122
267, 1.99532669
268, 1.99339766
269, 1.99166547
270, 1.98970291
271, 1.98807550
272, 1.98619847
273, 1.98480450
274, 1.98287719
275, 1.98113936
276, 1.97892120
277, 1.97709898
278, 1.97518854
279, 1.97299487
280, 1.97136289
281, 1.96951386
282, 1.96788769
283, 1.96604103
284, 1.96445991
285, 1.96191741
286, 1.96061483
287, 1.95903917
288, 1.95680188
289, 1.95534825
290, 1.95349423
291, 1.95220450
292, 1.95072260
293, 1.94900913
294, 1.94784999
295, 1.94619896
296, 1.94460304
297, 1.94355793
298, 1.94235715
299, 1.94072952
300, 1.93893358
301, 1.93748397
302, 1.93600178
303, 1.93461104
304, 1.93331399
305, 1.93164473
306, 1.93031428
307, 1.92856962
308, 1.92707564
309, 1.92583311
310, 1.92414148
311, 1.92297941
312, 1.92131114
313, 1.91994102
314, 1.91865260
315, 1.91727562
316, 1.91610570
317, 1.91434065
318, 1.91257764
319, 1.91088369
320, 1.90962403
321, 1.90891104
322, 1.90765319
323, 1.90626692
324, 1.90444265
325, 1.90282267
326, 1.90109212
327, 1.90002499
328, 1.89856903
329, 1.89771440
330, 1.89599200
331, 1.89413111
332, 1.89281384
333, 1.89125325
334, 1.88955943
335, 1.88831530
336, 1.88728291
337, 1.88599173
338, 1.88462022
339, 1.88372260
340, 1.88222749
341, 1.88049648
342, 1.87909166
343, 1.87772240
344, 1.87663026
345, 1.87547700
346, 1.87430196
347, 1.87309858
348, 1.87159418
349, 1.87013688
350, 1.86907680
351, 1.86783494
352, 1.86682101
353, 1.86573553
354, 1.86395153
355, 1.86249794
356, 1.86132534
357, 1.85982773
358, 1.85854045
359, 1.85752519
360, 1.85695523
361, 1.85585190
362, 1.85426671
363, 1.85368875
364, 1.85302213
365, 1.85163572
366, 1.85046124
367, 1.84882995
368, 1.84761970
369, 1.84647893
370, 1.84569666
371, 1.84428476
372, 1.84354750
373, 1.84256852
374, 1.84182756
375, 1.84062015
376, 1.83986224
377, 1.83889806
378, 1.83816490
379, 1.83698254
380, 1.83576607
381, 1.83486025
382, 1.83365756
383, 1.83243821
384, 1.83124422
385, 1.82999477
386, 1.82896654
387, 1.82789251
388, 1.82648229
389, 1.82495107
390, 1.82318104
391, 1.82201986
392, 1.82107935
393, 1.81999708
394, 1.81908248
395, 1.81770901
396, 1.81611944
397, 1.81472204
398, 1.81358598
399, 1.81208541
400, 1.81128460
401, 1.81026060
402, 1.80853959
403, 1.80736898
404, 1.80646500
405, 1.80511903
406, 1.80396662
407, 1.80298309
408, 1.80172855
409, 1.80054548
410, 1.79968149
411, 1.79874256
412, 1.79776212
413, 1.79687083
414, 1.79604782
415, 1.79508373
416, 1.79415833
417, 1.79302461
418, 1.79183553
419, 1.79092705
420, 1.78973200
421, 1.78833681
422, 1.78723665
423, 1.78639391
424, 1.78578553
425, 1.78480294
426, 1.78370677
427, 1.78269592
428, 1.78182505
429, 1.78095825
430, 1.78038210
431, 1.77955998
432, 1.77889567
433, 1.77802573
434, 1.77693004
435, 1.77608326
436, 1.77497249
437, 1.77407387
438, 1.77291768
439, 1.77217014
440, 1.77095860
441, 1.77006050
442, 1.76914807
443, 1.76813463
444, 1.76714860
445, 1.76585768
446, 1.76525621
447, 1.76397067
448, 1.76265272
449, 1.76213192
450, 1.76129530
451, 1.76011248
452, 1.75933748
453, 1.75820036
454, 1.75737502
455, 1.75634025
456, 1.75547368
457, 1.75475395
458, 1.75378933
459, 1.75289232
460, 1.75228555
461, 1.75128164
462, 1.75025691
463, 1.74948659
464, 1.74868245
465, 1.74795282
466, 1.74706031
467, 1.74625964
468, 1.74535689
469, 1.74422552
470, 1.74339731
471, 1.74249222
472, 1.74145756
473, 1.74075012
474, 1.74057185
475, 1.73989936
476, 1.73883020
477, 1.73816087
478, 1.73749799
479, 1.73635232
480, 1.73535997
481, 1.73470508
482, 1.73366455
483, 1.73283110
484, 1.73238192
485, 1.73147529
486, 1.73049907
487, 1.72957348
488, 1.72888294
489, 1.72822865
490, 1.72735735
491, 1.72650615
492, 1.72549677
493, 1.72479743
494, 1.72363868
495, 1.72271179
496, 1.72190049
497, 1.72123970
498, 1.72036829
499, 1.71968787
500, 1.71904132
501, 1.71847602
502, 1.71764222
503, 1.71667176
504, 1.71595910
505, 1.71490887
506, 1.71425170
507, 1.71334011
508, 1.71245209
509, 1.71167184
510, 1.71084216
511, 1.71006875
512, 1.70924278
513, 1.70849182
514, 1.70764415
515, 1.70688221
516, 1.70607838
517, 1.70543162
518, 1.70462751
519, 1.70393703
520, 1.70305492
521, 1.70216507
522, 1.70159896
523, 1.70095605
524, 1.70019211
525, 1.69934880
526, 1.69849865
527, 1.69760587
528, 1.69702434
529, 1.69615645
530, 1.69572880
531, 1.69467772
532, 1.69406306
533, 1.69340367
534, 1.69263290
535, 1.69207675
536, 1.69115770
537, 1.69024154
538, 1.68957528
539, 1.68904770
540, 1.68876666
541, 1.68801678
542, 1.68724110
543, 1.68661420
544, 1.68579673
545, 1.68531849
546, 1.68458661
547, 1.68391872
548, 1.68333012
549, 1.68268049
550, 1.68191251
551, 1.68110033
552, 1.68061178
553, 1.68000858
554, 1.67922438
555, 1.67852662
556, 1.67758298
557, 1.67675182
558, 1.67622460
559, 1.67563851
560, 1.67482417
561, 1.67394456
562, 1.67311468
563, 1.67216279
564, 1.67154986
565, 1.67080218
566, 1.66995669
567, 1.66906887
568, 1.66866391
569, 1.66803035
570, 1.66743897
571, 1.66709556
572, 1.66643102
573, 1.66580116
574, 1.66547705
575, 1.66473886
576, 1.66433091
577, 1.66374520
578, 1.66302886
579, 1.66226486
580, 1.66152299
581, 1.66109329
582, 1.66028307
583, 1.65956261
584, 1.65876299
585, 1.65812453
586, 1.65759455
587, 1.65685708
588, 1.65608467
589, 1.65551694
590, 1.65494011
591, 1.65433191
592, 1.65377255
593, 1.65310936
594, 1.65247846
595, 1.65202695
596, 1.65127274
597, 1.65066913
598, 1.65030205
599, 1.64975881
600, 1.64914160
601, 1.64843847
602, 1.64813660
603, 1.64746582
604, 1.64685709
605, 1.64632616
606, 1.64576745
607, 1.64530477
608, 1.64487087
609, 1.64414631
610, 1.64372094
611, 1.64316326
612, 1.64299817
613, 1.64249865
614, 1.64223872
615, 1.64166052
616, 1.64097699
617, 1.64023804
618, 1.63972141
619, 1.63890198
620, 1.63863158
621, 1.63811597
622, 1.63737353
623, 1.63679304
624, 1.63619205
625, 1.63564566
626, 1.63509245
627, 1.63448979
628, 1.63408498
629, 1.63349800
630, 1.63303019
631, 1.63227112
632, 1.63164587
633, 1.63096079
634, 1.63051775
635, 1.62986192
636, 1.62935481
637, 1.62852815
638, 1.62793467
639, 1.62726715
640, 1.62658654
641, 1.62611691
642, 1.62575550
643, 1.62531104
644, 1.62471583
645, 1.62386882
646, 1.62358389
647, 1.62302914
648, 1.62217090
649, 1.62173604
650, 1.62112354
651, 1.62066700
652, 1.62026105
653, 1.61942567
654, 1.61866454
655, 1.61831173
656, 1.61786158
657, 1.61727431
658, 1.61649367
659, 1.61576766
660, 1.61521351
661, 1.61472672
662, 1.61397758
663, 1.61329510
664, 1.61269177
665, 1.61226414
666, 1.61183215
667, 1.61145800
668, 1.61073682
669, 1.61016448
670, 1.60975057
671, 1.60944655
672, 1.60874275
673, 1.60858732
674, 1.60805730
675, 1.60774375
676, 1.60693990
677, 1.60624864
678, 1.60578080
679, 1.60530162
680, 1.60476506
681, 1.60402064
682, 1.60344804
683, 1.60310833
684, 1.60244429
685, 1.60200461
686, 1.60160066
687, 1.60096740
688, 1.60037287
689, 1.59982027
690, 1.59950888
691, 1.59910511
692, 1.59863439
693, 1.59784620
694, 1.59733560
695, 1.59666102
696, 1.59605162
697, 1.59556157
698, 1.59506744
699, 1.59447727
700, 1.59378869
701, 1.59303047
702, 1.59256719
703, 1.59194233
704, 1.59133073
705, 1.59086803
706, 1.59024940
707, 1.58983930
708, 1.58923952
709, 1.58895017
710, 1.58834644
711, 1.58826979
712, 1.58779813
713, 1.58734155
714, 1.58691724
715, 1.58632658
716, 1.58583634
717, 1.58533280
718, 1.58493409
719, 1.58480594
720, 1.58438311
721, 1.58398795
722, 1.58366557
723, 1.58311107
724, 1.58273941
725, 1.58227097
726, 1.58173232
727, 1.58103791
728, 1.58059791
729, 1.57994305
730, 1.57911396
731, 1.57842088
732, 1.57787883
733, 1.57737590
734, 1.57704534
735, 1.57663248
736, 1.57616798
737, 1.57570838
738, 1.57495037
739, 1.57450922
740, 1.57422289
741, 1.57370030
742, 1.57334714
743, 1.57302588
744, 1.57235894
745, 1.57175413
746, 1.57110972
747, 1.57076634
748, 1.57051149
749, 1.57004310
750, 1.56971782
751, 1.56922949
752, 1.56872935
753, 1.56827330
754, 1.56776906
755, 1.56734995
756, 1.56702169
757, 1.56658415
758, 1.56605577
759, 1.56557242
760, 1.56500144
761, 1.56458782
762, 1.56446977
763, 1.56403751
764, 1.56376904
765, 1.56331873
766, 1.56310334
767, 1.56280257
768, 1.56245561
769, 1.56209068
770, 1.56142777
771, 1.56099327
772, 1.56073405
773, 1.56037864
774, 1.55989705
775, 1.55945935
776, 1.55888165
777, 1.55836124
778, 1.55766886
779, 1.55711360
780, 1.55661483
781, 1.55622119
782, 1.55560859
783, 1.55499043
784, 1.55464841
785, 1.55421365
786, 1.55383518
787, 1.55319137
788, 1.55275110
789, 1.55231465
790, 1.55177264
791, 1.55119212
792, 1.55039028
793, 1.54993380
794, 1.54938886
795, 1.54888803
796, 1.54854608
797, 1.54820818
798, 1.54761640
799, 1.54730633
800, 1.54707374
801, 1.54677383
802, 1.54633793
803, 1.54581923
804, 1.54542550
805, 1.54508738
806, 1.54485194
807, 1.54439632
808, 1.54411336
809, 1.54382051
810, 1.54329277
811, 1.54286039
812, 1.54242859
813, 1.54171974
814, 1.54129825
815, 1.54102337
816, 1.54049610
817, 1.54013040
818, 1.53986551
819, 1.53952699
820, 1.53904482
821, 1.53875299
822, 1.53836904
823, 1.53792792
824, 1.53741307
825, 1.53681563
826, 1.53651479
827, 1.53614302
828, 1.53542890
829, 1.53505541
830, 1.53470616
831, 1.53421993
832, 1.53402803
833, 1.53362884
834, 1.53304907
835, 1.53297744
836, 1.53251042
837, 1.53222206
838, 1.53197512
839, 1.53140714
840, 1.53098140
841, 1.53073076
842, 1.53008862
843, 1.52968447
844, 1.52928738
845, 1.52894497
846, 1.52853947
847, 1.52803123
848, 1.52764592
849, 1.52733651
850, 1.52710690
851, 1.52673698
852, 1.52629123
853, 1.52590490
854, 1.52544243
855, 1.52519737
856, 1.52474150
857, 1.52445351
858, 1.52383750
859, 1.52367607
860, 1.52338436
861, 1.52305844
862, 1.52278804
863, 1.52255010
864, 1.52239517
865, 1.52198845
866, 1.52189361
867, 1.52127924
868, 1.52088407
869, 1.52060810
870, 1.52018474
871, 1.51981806
872, 1.51952150
873, 1.51897860
874, 1.51864844
875, 1.51808646
876, 1.51780884
877, 1.51743819
878, 1.51724151
879, 1.51687157
880, 1.51634396
881, 1.51610836
882, 1.51592482
883, 1.51563481
884, 1.51572451
885, 1.51556168
886, 1.51517137
887, 1.51484355
888, 1.51450363
889, 1.51427110
890, 1.51377963
891, 1.51360022
892, 1.51313278
893, 1.51270067
894, 1.51229911
895, 1.51213333
896, 1.51186514
897, 1.51165447
898, 1.51123662
899, 1.51098529
900, 1.51057285
901, 1.51032596
902, 1.51008643
903, 1.50959546
904, 1.50932339
905, 1.50907869
906, 1.50862522
907, 1.50842151
908, 1.50810639
909, 1.50775002
910, 1.50750312
911, 1.50723092
912, 1.50695307
913, 1.50650895
914, 1.50625926
915, 1.50601525
916, 1.50571616
917, 1.50541134
918, 1.50509978
919, 1.50464818
920, 1.50414964
921, 1.50386312
922, 1.50333788
923, 1.50291410
924, 1.50253082
925, 1.50206133
926, 1.50168070
927, 1.50126840
928, 1.50081418
929, 1.50048653
930, 1.50013483
931, 1.49977801
932, 1.49939482
933, 1.49914255
934, 1.49874199
935, 1.49830181
936, 1.49773269
937, 1.49736175
938, 1.49701349
939, 1.49675344
940, 1.49641718
941, 1.49614700
942, 1.49580967
943, 1.49535240
944, 1.49493075
945, 1.49480195
946, 1.49457639
947, 1.49417639
948, 1.49397072
949, 1.49348090
950, 1.49306303
951, 1.49280759
952, 1.49236971
953, 1.49197983
954, 1.49147988
955, 1.49111052
956, 1.49068348
957, 1.49028517
958, 1.48985719
959, 1.48947746
960, 1.48913466
961, 1.48866579
962, 1.48818182
963, 1.48781056
964, 1.48751468
965, 1.48705789
966, 1.48677171
967, 1.48637969
968, 1.48595736
969, 1.48544019
970, 1.48509025
971, 1.48488765
972, 1.48452013
973, 1.48404832
974, 1.48370326
975, 1.48323655
976, 1.48285735
977, 1.48244136
978, 1.48218556
979, 1.48180132
980, 1.48152910
981, 1.48122358
982, 1.48076716
983, 1.48037678
984, 1.48012490
985, 1.47972824
986, 1.47939632
987, 1.47910139
988, 1.47886473
989, 1.47861967
990, 1.47820091
991, 1.47785461
992, 1.47752301
993, 1.47717694
994, 1.47691057
995, 1.47655740
996, 1.47628393
997, 1.47584353
998, 1.47554256
999, 1.47524507
1000, 1.47493575
1001, 1.47457785
1002, 1.47419576
1003, 1.47384521
1004, 1.47351596
1005, 1.47318077
1006, 1.47287038
1007, 1.47249061
1008, 1.47214540
1009, 1.47167776
1010, 1.47137297
1011, 1.47110549
1012, 1.47067391
1013, 1.47037254
1014, 1.47006909
1015, 1.46970324
1016, 1.46938988
1017, 1.46908909
1018, 1.46869791
1019, 1.46843544
1020, 1.46815007
1021, 1.46773047
1022, 1.46733739
1023, 1.46709639
1024, 1.46683045
1025, 1.46647736
1026, 1.46623085
1027, 1.46588594
1028, 1.46562599
1029, 1.46537272
1030, 1.46505135
1031, 1.46463962
1032, 1.46436854
1033, 1.46402463
1034, 1.46352628
1035, 1.46329025
1036, 1.46311192
1037, 1.46286007
1038, 1.46238093
1039, 1.46206444
1040, 1.46174622
1041, 1.46135043
1042, 1.46100289
1043, 1.46070773
1044, 1.46034934
1045, 1.46001318
1046, 1.45975527
1047, 1.45951262
1048, 1.45924074
1049, 1.45884051
1050, 1.45854067
1051, 1.45825559
1052, 1.45786480
1053, 1.45755754
1054, 1.45727691
1055, 1.45689890
1056, 1.45653145
1057, 1.45629349
1058, 1.45603283
1059, 1.45577504
1060, 1.45543138
1061, 1.45520409
1062, 1.45508369
1063, 1.45465146
1064, 1.45432222
1065, 1.45399482
1066, 1.45383561
1067, 1.45366488
1068, 1.45330970
1069, 1.45306039
1070, 1.45274206
1071, 1.45231256
1072, 1.45191256
1073, 1.45152982
1074, 1.45120250
1075, 1.45103648
1076, 1.45074437
1077, 1.45036145
1078, 1.45014962
1079, 1.44978920
1080, 1.44924168
1081, 1.44884445
1082, 1.44855514
1083, 1.44825665
1084, 1.44797660
1085, 1.44789411
1086, 1.44772542
1087, 1.44743646
1088, 1.44707007
1089, 1.44685337
1090, 1.44649958
1091, 1.44620838
1092, 1.44590175
1093, 1.44556980
1094, 1.44522726
1095, 1.44480932
1096, 1.44440014
1097, 1.44417542
1098, 1.44401237
1099, 1.44356357
1100, 1.44338473
1101, 1.44319000
1102, 1.44290381
1103, 1.44261144
1104, 1.44238752
1105, 1.44219088
1106, 1.44193677
1107, 1.44161744
1108, 1.44130405
1109, 1.44109540
1110, 1.44085185
1111, 1.44057068
1112, 1.44041688
1113, 1.44002985
1114, 1.43979314
1115, 1.43941760
1116, 1.43935896
1117, 1.43902348
1118, 1.43863716
1119, 1.43836806
1120, 1.43827627
1121, 1.43803591
1122, 1.43758955
1123, 1.43748244
1124, 1.43717469
1125, 1.43700053
1126, 1.43675098
1127, 1.43652563
1128, 1.43615081
1129, 1.43573330
1130, 1.43544417
1131, 1.43529161
1132, 1.43500693
1133, 1.43482745
1134, 1.43451772
1135, 1.43429940
1136, 1.43401195
1137, 1.43367071
1138, 1.43348375
1139, 1.43316406
1140, 1.43294039
1141, 1.43267601
1142, 1.43244774
1143, 1.43221295
1144, 1.43195206
1145, 1.43165840
1146, 1.43141696
1147, 1.43115653
1148, 1.43079809
1149, 1.43056058
1150, 1.43024942
1151, 1.43000757
1152, 1.42959295
1153, 1.42932248
1154, 1.42897793
1155, 1.42871729
1156, 1.42847043
1157, 1.42822118
1158, 1.42793766
1159, 1.42761288
1160, 1.42727146
1161, 1.42697727
1162, 1.42667460
1163, 1.42640043
1164, 1.42621621
1165, 1.42606399
1166, 1.42580669
1167, 1.42577052
1168, 1.42534322
1169, 1.42526966
1170, 1.42503020
1171, 1.42477288
1172, 1.42448071
1173, 1.42435622
1174, 1.42417729
1175, 1.42390470
1176, 1.42371278
1177, 1.42340886
1178, 1.42325114
1179, 1.42299316
1180, 1.42265706
1181, 1.42248552
1182, 1.42230598
1183, 1.42211971
1184, 1.42186547
1185, 1.42153424
1186, 1.42127122
1187, 1.42097046
1188, 1.42051969
1189, 1.42044731
1190, 1.42012707
1191, 1.41987475
1192, 1.41949728
1193, 1.41931878
1194, 1.41899636
1195, 1.41884641
1196, 1.41858140
1197, 1.41838019
1198, 1.41810530
1199, 1.41781441
1200, 1.41747408
1201, 1.41710324
1202, 1.41690181
1203, 1.41668931
1204, 1.41635448
1205, 1.41613559
1206, 1.41591884
1207, 1.41560177
1208, 1.41539429
1209, 1.41521916
1210, 1.41492489
1211, 1.41475488
1212, 1.41449500
1213, 1.41423879
1214, 1.41400510
1215, 1.41386537
1216, 1.41357465
1217, 1.41329287
1218, 1.41302496
1219, 1.41281551
1220, 1.41258870
1221, 1.41234858
1222, 1.41206002
1223, 1.41195146
1224, 1.41147618
1225, 1.41126282
1226, 1.41104378
1227, 1.41081895
1228, 1.41051990
1229, 1.41037538
1230, 1.40997690
1231, 1.40976567
1232, 1.40940916
1233, 1.40917063
1234, 1.40904897
1235, 1.40893574
1236, 1.40864761
1237, 1.40842088
1238, 1.40832292
1239, 1.40804190
1240, 1.40781082
1241, 1.40760372
1242, 1.40735651
1243, 1.40720321
1244, 1.40693486
1245, 1.40674757
1246, 1.40650141
1247, 1.40630923
1248, 1.40605538
1249, 1.40589637
1250, 1.40562215
1251, 1.40533744
1252, 1.40510473
1253, 1.40484409
1254, 1.40475236
1255, 1.40457400
1256, 1.40430656
1257, 1.40414919
1258, 1.40401021
1259, 1.40367035
1260, 1.40333011
1261, 1.40309679
1262, 1.40283589
1263, 1.40265789
1264, 1.40240580
1265, 1.40226910
1266, 1.40209286
1267, 1.40194848
1268, 1.40169594
1269, 1.40132824
1270, 1.40122530
1271, 1.40093850
1272, 1.40081645
1273, 1.40055431
1274, 1.40026204
1275, 1.40007320
1276, 1.39979466
1277, 1.39969070
1278, 1.39953778
1279, 1.39932695
1280, 1.39926387
1281, 1.39893558
1282, 1.39868894
1283, 1.39858331
1284, 1.39841558
1285, 1.39822261
1286, 1.39807425
1287, 1.39788837
1288, 1.39758067
1289, 1.39724956
1290, 1.39699988
1291, 1.39679243
1292, 1.39657586
1293, 1.39645194
1294, 1.39615643
1295, 1.39594933
1296, 1.39577018
1297, 1.39551757
1298, 1.39533704
1299, 1.39524216
1300, 1.39499617
1301, 1.39472574
1302, 1.39446008
1303, 1.39427609
1304, 1.39398213
1305, 1.39390876
1306, 1.39362333
1307, 1.39337702
1308, 1.39325525
1309, 1.39315715
1310, 1.39295711
1311, 1.39285982
1312, 1.39273258
1313, 1.39255344
1314, 1.39250495
1315, 1.39225062
1316, 1.39210232
1317, 1.39191132
1318, 1.39171202
1319, 1.39150626
1320, 1.39141454
1321, 1.39106780
1322, 1.39085701
1323, 1.39074844
1324, 1.39058177
1325, 1.39036480
1326, 1.39014924
1327, 1.39003394
1328, 1.38972541
1329, 1.38952174
1330, 1.38931904
1331, 1.38914184
1332, 1.38892531
1333, 1.38871782
1334, 1.38840881
1335, 1.38829208
1336, 1.38804910
1337, 1.38789367
1338, 1.38770968
1339, 1.38740531
1340, 1.38730767
1341, 1.38717338
1342, 1.38700717
1343, 1.38678659
1344, 1.38656578
1345, 1.38639633
1346, 1.38633948
1347, 1.38613397
1348, 1.38589003
1349, 1.38567083
1350, 1.38546875
1351, 1.38519096
1352, 1.38492246
1353, 1.38475361
1354, 1.38451640
1355, 1.38435473
1356, 1.38417036
1357, 1.38394463
1358, 1.38381409
1359, 1.38364690
1360, 1.38347598
1361, 1.38327431
1362, 1.38313531
1363, 1.38291645
1364, 1.38269729
1365, 1.38249156
1366, 1.38227548
1367, 1.38214004
1368, 1.38210947
1369, 1.38176021
1370, 1.38149636
1371, 1.38122905
1372, 1.38099472
1373, 1.38086454
1374, 1.38062823
1375, 1.38041625
1376, 1.38013994
1377, 1.38002468
1378, 1.37983913
1379, 1.37963761
1380, 1.37946759
1381, 1.37934735
1382, 1.37913401
1383, 1.37905983
1384, 1.37893691
1385, 1.37876230
1386, 1.37860739
1387, 1.37843400
1388, 1.37829369
1389, 1.37812012
1390, 1.37790464
1391, 1.37773146
1392, 1.37749205
1393, 1.37731136
1394, 1.37706050
1395, 1.37683638
1396, 1.37657514
1397, 1.37642366
1398, 1.37621889
1399, 1.37610162
1400, 1.37590310
1401, 1.37572987
1402, 1.37549291
1403, 1.37527430
1404, 1.37511576
1405, 1.37489162
1406, 1.37469408
1407, 1.37445478
1408, 1.37422391
1409, 1.37402457
1410, 1.37388292
1411, 1.37364057
1412, 1.37344519
1413, 1.37331181
1414, 1.37311151
1415, 1.37292848
1416, 1.37271556
1417, 1.37249707
1418, 1.37234148
1419, 1.37215952
1420, 1.37205181
1421, 1.37180905
1422, 1.37165373
1423, 1.37151814
1424, 1.37133548
1425, 1.37127588
1426, 1.37103584
1427, 1.37087137
1428, 1.37066966
1429, 1.37054521
1430, 1.37046419
1431, 1.37031655
1432, 1.37011250
1433, 1.37003902
1434, 1.36983441
1435, 1.36968511
1436, 1.36957104
1437, 1.36931819
1438, 1.36917832
1439, 1.36903155
1440, 1.36869119
1441, 1.36843305
1442, 1.36825629
1443, 1.36809323
1444, 1.36786735
1445, 1.36773636
1446, 1.36763191
1447, 1.36747150
1448, 1.36732783
1449, 1.36709396
1450, 1.36688062
1451, 1.36673404
1452, 1.36656358
1453, 1.36635211
1454, 1.36617342
1455, 1.36597955
1456, 1.36574083
1457, 1.36549736
1458, 1.36538327
1459, 1.36525382
1460, 1.36507016
1461, 1.36481875
1462, 1.36477026
1463, 1.36461079
1464, 1.36448360
1465, 1.36436011
1466, 1.36426519
1467, 1.36405156
1468, 1.36385048
1469, 1.36366360
1470, 1.36344673
1471, 1.36322921
1472, 1.36303395
1473, 1.36279423
1474, 1.36264120
1475, 1.36251753
1476, 1.36223814
1477, 1.36205277
1478, 1.36198184
1479, 1.36182629
1480, 1.36166879
1481, 1.36142732
1482, 1.36119718
1483, 1.36110023
1484, 1.36088906
1485, 1.36078152
1486, 1.36062099
1487, 1.36040060
1488, 1.36022173
1489, 1.36009613
1490, 1.35996961
1491, 1.35981093
1492, 1.35970179
1493, 1.35948733
1494, 1.35926734
1495, 1.35904841
1496, 1.35887243
1497, 1.35861495
1498, 1.35847626
1499, 1.35837807
1500, 1.35812490
1501, 1.35802080
1502, 1.35790816
1503, 1.35777179
1504, 1.35749906
1505, 1.35730252
1506, 1.35705479
1507, 1.35688477
1508, 1.35672568
1509, 1.35655618
1510, 1.35643873
1511, 1.35630783
1512, 1.35603929
1513, 1.35583228
1514, 1.35569867
1515, 1.35555926
1516, 1.35542978
1517, 1.35529531
1518, 1.35506885
1519, 1.35484996
1520, 1.35480519
1521, 1.35467087
1522, 1.35435769
1523, 1.35419178
1524, 1.35397330
1525, 1.35375296
1526, 1.35369224
1527, 1.35352045
1528, 1.35330065
1529, 1.35316489
1530, 1.35301482
1531, 1.35286345
1532, 1.35276647
1533, 1.35255555
1534, 1.35232935
1535, 1.35214987
1536, 1.35195749
1537, 1.35179374
1538, 1.35163860
1539, 1.35152541
1540, 1.35137865
1541, 1.35115437
1542, 1.35100179
1543, 1.35082223
1544, 1.35079469
1545, 1.35070997
1546, 1.35053546
1547, 1.35042600
1548, 1.35030456
1549, 1.35013091
1550, 1.34990596
1551, 1.34973556
1552, 1.34958381
1553, 1.34948363
1554, 1.34929899
1555, 1.34906108
1556, 1.34898665
1557, 1.34886042
1558, 1.34875398
1559, 1.34866130
1560, 1.34858643
1561, 1.34833105
1562, 1.34818561
1563, 1.34808915
1564, 1.34793974
1565, 1.34784452
1566, 1.34772811
1567, 1.34750660
1568, 1.34733567
1569, 1.34722497
1570, 1.34700045
1571, 1.34687329
1572, 1.34674601
1573, 1.34656436
1574, 1.34639760
1575, 1.34628452
1576, 1.34611776
1577, 1.34602348
1578, 1.34584264
1579, 1.34565642
1580, 1.34557321
1581, 1.34542973
1582, 1.34527223
1583, 1.34519146
1584, 1.34506191
1585, 1.34484787
1586, 1.34468027
1587, 1.34461021
1588, 1.34450832
1589, 1.34436935
1590, 1.34420333
1591, 1.34398655
1592, 1.34384539
1593, 1.34368191
1594, 1.34352778
1595, 1.34336443
1596, 1.34324712
1597, 1.34312800
1598, 1.34293126
1599, 1.34276297
1600, 1.34258229
1601, 1.34247707
1602, 1.34231327
1603, 1.34215988
1604, 1.34198327
1605, 1.34177688
1606, 1.34163015
1607, 1.34150896
1608, 1.34139552
1609, 1.34127217
1610, 1.34112414
1611, 1.34095419
1612, 1.34082149
1613, 1.34075613
1614, 1.34058846
1615, 1.34045145
1616, 1.34027674
1617, 1.34021748
1618, 1.34006524
1619, 1.34004957
1620, 1.33980987
1621, 1.33966887
1622, 1.33952769
1623, 1.33940467
1624, 1.33920581
1625, 1.33904383
1626, 1.33908125
1627, 1.33892018
1628, 1.33874537
1629, 1.33854980
1630, 1.33842814
1631, 1.33825887
1632, 1.33814301
1633, 1.33798436
1634, 1.33787796
1635, 1.33773052
1636, 1.33755677
1637, 1.33746083
1638, 1.33732854
1639, 1.33719688
1640, 1.33696694
1641, 1.33684884
1642, 1.33670611
1643, 1.33661314
1644, 1.33649793
1645, 1.33636848
1646, 1.33627489
1647, 1.33612004
1648, 1.33593120
1649, 1.33569892
1650, 1.33557575
1651, 1.33539626
1652, 1.33518296
1653, 1.33509612
1654, 1.33500147
1655, 1.33504689
1656, 1.33485833
1657, 1.33471328
1658, 1.33454374
1659, 1.33445665
1660, 1.33431830
1661, 1.33421201
1662, 1.33412844
1663, 1.33396285
1664, 1.33379193
1665, 1.33368623
1666, 1.33354422
1667, 1.33347658
1668, 1.33341131
1669, 1.33314379
1670, 1.33297791
1671, 1.33290927
1672, 1.33271335
1673, 1.33263653
1674, 1.33250413
1675, 1.33235734
1676, 1.33225897
1677, 1.33227035
1678, 1.33212247
1679, 1.33200595
1680, 1.33187842
1681, 1.33174384
1682, 1.33163037
1683, 1.33151789
1684, 1.33138390
1685, 1.33129843
1686, 1.33107547
1687, 1.33094954
1688, 1.33073002
1689, 1.33052642
1690, 1.33039107
1691, 1.33019831
1692, 1.33002617
1693, 1.32993697
1694, 1.32976839
1695, 1.32964139
1696, 1.32946269
1697, 1.32933428
1698, 1.32922441
1699, 1.32904634
1700, 1.32893959
1701, 1.32896144
1702, 1.32883992
1703, 1.32873075
1704, 1.32860250
1705, 1.32849711
1706, 1.32839505
1707, 1.32829445
1708, 1.32815217
1709, 1.32808571
1710, 1.32795245
1711, 1.32782323
1712, 1.32760436
1713, 1.32745606
1714, 1.32736718
1715, 1.32722272
1716, 1.32714053
1717, 1.32702061
1718, 1.32692632
1719, 1.32680593
1720, 1.32667786
1721, 1.32659292
1722, 1.32645812
1723, 1.32633793
1724, 1.32617539
1725, 1.32601634
1726, 1.32595705
1727, 1.32588917
1728, 1.32580051
1729, 1.32583862
1730, 1.32580723
1731, 1.32565148
1732, 1.32573470
1733, 1.32581414
1734, 1.32572450
1735, 1.32563695
1736, 1.32559537
1737, 1.32555153
1738, 1.32550428
1739, 1.32536430
1740, 1.32527604
1741, 1.32518333
1742, 1.32508503
1743, 1.32502847
1744, 1.32499041
1745, 1.32490899
1746, 1.32483525
1747, 1.32479085
1748, 1.32468055
1749, 1.32458311
1750, 1.32452977
1751, 1.32451104
1752, 1.32447777
1753, 1.32443086
1754, 1.32431419
1755, 1.32423504
1756, 1.32419575
1757, 1.32405457
1758, 1.32396098
1759, 1.32389310
1760, 1.32385341
1761, 1.32377806
1762, 1.32364926
1763, 1.32354764
1764, 1.32352779
1765, 1.32344915
1766, 1.32339114
1767, 1.32334525
1768, 1.32321406
1769, 1.32311152
1770, 1.32299956
1771, 1.32295355
1772, 1.32294402
1773, 1.32284473
1774, 1.32285843
1775, 1.32283539
1776, 1.32277818
1777, 1.32264309
1778, 1.32262068
1779, 1.32255036
1780, 1.32235772
1781, 1.32228000
1782, 1.32214906
1783, 1.32205578
1784, 1.32184930
1785, 1.32179728
1786, 1.32175655
1787, 1.32166541
1788, 1.32157575
1789, 1.32147814
1790, 1.32137558
1791, 1.32127564
1792, 1.32116373
1793, 1.32107367
1794, 1.32101243
1795, 1.32092851
1796, 1.32075286
1797, 1.32080406
1798, 1.32072355
1799, 1.32065542
1800, 1.32057594
1801, 1.32063787
1802, 1.32064578
1803, 1.32053652
1804, 1.32045716
1805, 1.32037941
1806, 1.32031720
1807, 1.32017648
1808, 1.32010907
1809, 1.31998323
1810, 1.31983034
1811, 1.31975882
1812, 1.31965888
1813, 1.31961349
1814, 1.31959386
1815, 1.31953118
1816, 1.31941593
1817, 1.31943994
1818, 1.31935662
1819, 1.31923632
1820, 1.31916953
1821, 1.31909343
1822, 1.31897682
1823, 1.31892045
1824, 1.31879183
1825, 1.31877213
1826, 1.31868874
1827, 1.31858580
1828, 1.31849302
1829, 1.31832720
1830, 1.31823520
1831, 1.31814018
1832, 1.31804477
1833, 1.31798737
1834, 1.31784747
1835, 1.31778787
1836, 1.31738961
1837, 1.31730232
1838, 1.31726222
1839, 1.31721015
1840, 1.31717359
1841, 1.31710163
1842, 1.31704457
1843, 1.31696506
1844, 1.31685914
1845, 1.31678281
1846, 1.31660673
1847, 1.31643264
1848, 1.31627054
1849, 1.31622147
1850, 1.31617785
1851, 1.31616743
1852, 1.31609345
1853, 1.31596492
1854, 1.31588043
1855, 1.31583069
1856, 1.31571319
1857, 1.31558380
1858, 1.31552671
1859, 1.31548513
1860, 1.31536987
1861, 1.31525102
1862, 1.31518151
1863, 1.31512463
1864, 1.31505239
1865, 1.31513275
1866, 1.31504185
1867, 1.31495991
1868, 1.31488404
1869, 1.31480021
1870, 1.31470219
1871, 1.31459672
1872, 1.31435829
1873, 1.31421093
1874, 1.31414007
1875, 1.31403157
1876, 1.31394261
1877, 1.31388526
1878, 1.31383965
1879, 1.31374483
1880, 1.31369894
1881, 1.31363422
1882, 1.31352688
1883, 1.31347642
1884, 1.31341227
1885, 1.31333399
1886, 1.31323499
1887, 1.31316186
1888, 1.31307710
1889, 1.31301497
1890, 1.31306380
1891, 1.31299221
1892, 1.31287127
1893, 1.31273730
1894, 1.31267347
1895, 1.31256858
1896, 1.31248683
1897, 1.31236156
1898, 1.31231144
1899, 1.31221632
1900, 1.31221124
1901, 1.31213685
1902, 1.31214256
1903, 1.31208260
1904, 1.31201749
1905, 1.31195089
1906, 1.31185253
1907, 1.31172102
1908, 1.31173081
1909, 1.31168520
1910, 1.31160593
1911, 1.31148668
1912, 1.31143844
1913, 1.31133015
1914, 1.31139474
1915, 1.31130621
1916, 1.31129127
1917, 1.31113514
1918, 1.31111050
1919, 1.31109192
1920, 1.31112835
1921, 1.31109520
1922, 1.31098208
1923, 1.31094776
1924, 1.31081208
1925, 1.31066241
1926, 1.31055969
1927, 1.31054937
1928, 1.31034844
1929, 1.31027300
1930, 1.31026643
1931, 1.31021713
1932, 1.31009999
1933, 1.30990268
1934, 1.30978578
1935, 1.30967605
1936, 1.30961792
1937, 1.30954905
1938, 1.30952102
1939, 1.30941449
1940, 1.30926303
1941, 1.30919768
1942, 1.30913545
1943, 1.30906713
1944, 1.30902245
1945, 1.30895892
1946, 1.30886143
1947, 1.30875437
1948, 1.30874697
1949, 1.30867427
1950, 1.30861022
1951, 1.30850039
1952, 1.30849139
1953, 1.30840280
1954, 1.30831531
1955, 1.30822346
1956, 1.30809080
1957, 1.30796026
1958, 1.30790047
1959, 1.30774571
1960, 1.30772326
1961, 1.30763807
1962, 1.30750190
1963, 1.30747998
1964, 1.30741853
1965, 1.30729151
1966, 1.30717918
1967, 1.30705277
1968, 1.30695331
1969, 1.30688122
1970, 1.30681247
1971, 1.30673853
1972, 1.30659472
1973, 1.30644421
1974, 1.30628356
1975, 1.30632994
1976, 1.30615355
1977, 1.30603861
1978, 1.30600544
1979, 1.30589272
1980, 1.30592976
1981, 1.30576697
1982, 1.30570152
1983, 1.30558161
1984, 1.30547581
1985, 1.30543945
1986, 1.30536812
1987, 1.30527241
1988, 1.30515767
1989, 1.30517077
1990, 1.30507184
1991, 1.30503193
1992, 1.30494867
1993, 1.30486643
1994, 1.30470843
1995, 1.30460041
1996, 1.30453691
1997, 1.30444289
1998, 1.30433425
1999, 1.30425290
2000, 1.30417024
2001, 1.30404559
2002, 1.30395184
2003, 1.30386109
2004, 1.30371090
2005, 1.30358177
2006, 1.30345613
2007, 1.30336876
2008, 1.30325712
2009, 1.30312868
2010, 1.30302996
2011, 1.30292640
2012, 1.30282478
2013, 1.30271945
2014, 1.30266358
2015, 1.30251637
2016, 1.30244833
2017, 1.30237169
2018, 1.30232621
2019, 1.30225264
2020, 1.30212662
2021, 1.30203316
2022, 1.30191791
2023, 1.30178476
2024, 1.30167711
2025, 1.30150100
2026, 1.30140692
2027, 1.30134515
2028, 1.30123188
2029, 1.30106412
2030, 1.30101047
2031, 1.30088149
2032, 1.30077542
2033, 1.30063800
2034, 1.30055744
2035, 1.30045699
2036, 1.30038909
2037, 1.30027542
2038, 1.30024470
2039, 1.30014693
2040, 1.30008168
2041, 1.29999137
2042, 1.29987349
2043, 1.29979327
2044, 1.29979153
2045, 1.29972745
2046, 1.29953468
2047, 1.29945995
2048, 1.29940779
2049, 1.29924926
2050, 1.29915937
2051, 1.29905438
2052, 1.29927690
2053, 1.29922808
2054, 1.29913109
2055, 1.29901383
2056, 1.29894752
2057, 1.29887064
2058, 1.29877641
2059, 1.29870259
2060, 1.29865134
2061, 1.29848396
2062, 1.29837203
2063, 1.29830062
2064, 1.29822412
2065, 1.29816055
2066, 1.29801061
2067, 1.29790998
2068, 1.29784335
2069, 1.29770781
2070, 1.29766150
2071, 1.29749652
2072, 1.29756341
2073, 1.29745936
2074, 1.29736361
2075, 1.29724763
2076, 1.29713739
2077, 1.29707754
2078, 1.29693761
2079, 1.29678302
2080, 1.29666696
2081, 1.29661810
2082, 1.29661709
2083, 1.29645144
2084, 1.29639254
2085, 1.29628765
2086, 1.29621467
2087, 1.29620971
2088, 1.29609460
2089, 1.29603623
2090, 1.29593775
2091, 1.29584386
2092, 1.29573298
2093, 1.29561611
2094, 1.29551381
2095, 1.29538692
2096, 1.29525042
2097, 1.29516022
2098, 1.29512991
2099, 1.29510871
2100, 1.29500114
2101, 1.29488548
2102, 1.29476950
2103, 1.29472029
2104, 1.29460406
2105, 1.29457255
2106, 1.29447558
2107, 1.29431054
2108, 1.29420421
2109, 1.29414314
2110, 1.29406564
2111, 1.29400404
2112, 1.29387258
2113, 1.29387628
2114, 1.29378284
2115, 1.29371945
2116, 1.29363895
2117, 1.29349206
2118, 1.29346245
2119, 1.29341424
2120, 1.29336310
2121, 1.29331757
2122, 1.29316566
2123, 1.29313314
2124, 1.29311742
2125, 1.29299462
2126, 1.29289083
2127, 1.29276973
2128, 1.29272967
2129, 1.29267725
2130, 1.29262291
2131, 1.29247350
2132, 1.29240891
2133, 1.29223681
2134, 1.29215757
2135, 1.29207630
2136, 1.29201560
2137, 1.29196060
2138, 1.29185956
2139, 1.29176911
2140, 1.29168318
2141, 1.29161333
2142, 1.29150088
2143, 1.29147093
2144, 1.29139933
2145, 1.29131758
2146, 1.29122604
2147, 1.29108510
2148, 1.29099287
2149, 1.29091272
2150, 1.29082771
2151, 1.29075562
2152, 1.29068437
2153, 1.29061187
2154, 1.29052783
2155, 1.29042833
2156, 1.29035538
2157, 1.29026224
2158, 1.29018183
2159, 1.29004527
2160, 1.28987287
2161, 1.28979660
2162, 1.28966644
2163, 1.28956638
2164, 1.28947009
2165, 1.28929858
2166, 1.28920135
2167, 1.28911489
2168, 1.28897433
2169, 1.28891351
2170, 1.28884904
2171, 1.28875142
2172, 1.28867934
2173, 1.28860528
2174, 1.28849129
2175, 1.28832850
2176, 1.28821577
2177, 1.28808394
2178, 1.28803600
2179, 1.28789851
2180, 1.28778556
2181, 1.28770883
2182, 1.28768542
2183, 1.28762527
2184, 1.28755210
2185, 1.28744066
2186, 1.28733727
2187, 1.28726681
2188, 1.28716530
2189, 1.28708576
2190, 1.28696052
2191, 1.28695642
2192, 1.28683820
2193, 1.28674930
2194, 1.28668096
2195, 1.28653661
2196, 1.28653863
2197, 1.28646549
2198, 1.28634649
2199, 1.28619049
2200, 1.28610413
2201, 1.28601041
2202, 1.28591066
2203, 1.28584676
2204, 1.28571657
2205, 1.28564017
2206, 1.28548467
2207, 1.28527959
2208, 1.28522367
2209, 1.28511412
2210, 1.28504310
2211, 1.28489345
2212, 1.28479853
2213, 1.28474590
2214, 1.28468081
2215, 1.28457830
2216, 1.28458202
2217, 1.28444982
2218, 1.28431698
2219, 1.28421805
2220, 1.28415251
2221, 1.28405330
2222, 1.28403250
2223, 1.28397264
2224, 1.28391837
2225, 1.28385257
2226, 1.28371761
2227, 1.28365238
2228, 1.28356042
2229, 1.28346202
2230, 1.28328851
2231, 1.28324028
2232, 1.28319035
2233, 1.28304530
2234, 1.28295901
2235, 1.28286914
2236, 1.28271256
2237, 1.28263977
2238, 1.28255194
2239, 1.28244917
2240, 1.28231049
2241, 1.28218154
2242, 1.28207021
2243, 1.28194605
2244, 1.28188207
2245, 1.28184016
2246, 1.28176444
2247, 1.28171017
2248, 1.28155525
2249, 1.28147310
2250, 1.28138385
2251, 1.28135289
2252, 1.28123037
2253, 1.28120483
2254, 1.28115106
2255, 1.28107198
2256, 1.28091355
2257, 1.28081673
2258, 1.28072998
2259, 1.28067946
2260, 1.28062813
2261, 1.28056654
2262, 1.28042298
2263, 1.28037442
2264, 1.28028910
2265, 1.28019154
2266, 1.28012120
2267, 1.28012141
2268, 1.28012794
2269, 1.28001938
2270, 1.27987378
2271, 1.27976041
2272, 1.27963950
2273, 1.27948195
2274, 1.27940016
2275, 1.27925982
2276, 1.27920276
2277, 1.27910977
2278, 1.27912681
2279, 1.27902534
2280, 1.27891788
2281, 1.27880836
2282, 1.27868810
2283, 1.27852961
2284, 1.27838566
2285, 1.27830560
2286, 1.27819431
2287, 1.27810202
2288, 1.27797680
2289, 1.27789345
2290, 1.27777277
2291, 1.27774789
2292, 1.27766639
2293, 1.27761079
2294, 1.27753564
2295, 1.27742268
2296, 1.27734908
2297, 1.27733034
2298, 1.27726032
2299, 1.27722726
2300, 1.27716943
2301, 1.27711141
2302, 1.27712198
2303, 1.27702383
2304, 1.27689245
2305, 1.27678825
2306, 1.27672605
2307, 1.27660547
2308, 1.27645077
2309, 1.27638211
2310, 1.27634260
2311, 1.27626489
2312, 1.27613479
2313, 1.27603506
2314, 1.27592548
2315, 1.27583334
2316, 1.27572554
2317, 1.27558619
2318, 1.27557046
2319, 1.27551614
2320, 1.27543765
2321, 1.27530998
2322, 1.27525758
2323, 1.27520007
2324, 1.27510367
2325, 1.27498645
2326, 1.27493388
2327, 1.27489116
2328, 1.27482211
2329, 1.27467832
2330, 1.27459078
2331, 1.27455001
2332, 1.27448474
2333, 1.27449067
2334, 1.27440317
2335, 1.27434163
2336, 1.27422529
2337, 1.27415910
2338, 1.27411085
2339, 1.27404133
2340, 1.27394529
2341, 1.27393136
2342, 1.27390136
2343, 1.27384086
2344, 1.27383409
2345, 1.27372315
2346, 1.27364499
2347, 1.27358785
2348, 1.27348959
2349, 1.27340069
2350, 1.27334504
2351, 1.27320998
2352, 1.27304716
2353, 1.27297677
2354, 1.27294857
2355, 1.27290960
2356, 1.27290198
2357, 1.27279431
2358, 1.27273352
2359, 1.27269110
2360, 1.27258151
2361, 1.27245636
2362, 1.27235196
2363, 1.27230417
2364, 1.27223756
2365, 1.27213081
2366, 1.27202227
2367, 1.27193190
2368, 1.27188412
2369, 1.27177971
2370, 1.27166135
2371, 1.27157160
2372, 1.27151959
2373, 1.27140833
2374, 1.27129036
2375, 1.27121038
2376, 1.27112348
2377, 1.27108739
2378, 1.27095514
2379, 1.27086456
2380, 1.27085262
2381, 1.27073899
2382, 1.27066618
2383, 1.27061731
2384, 1.27054247
2385, 1.27045094
2386, 1.27032512
2387, 1.27024391
2388, 1.27015613
2389, 1.27012499
2390, 1.27004078
2391, 1.26990470
2392, 1.26985705
2393, 1.26981749
2394, 1.26973379
2395, 1.26957308
2396, 1.26947244
2397, 1.26937115
2398, 1.26928034
2399, 1.26925548
2400, 1.26914925
2401, 1.26913392
2402, 1.26908152
2403, 1.26905450
2404, 1.26900073
2405, 1.26896492
2406, 1.26891845
2407, 1.26890770
2408, 1.26882267
2409, 1.26875007
2410, 1.26864363
2411, 1.26858732
2412, 1.26846569
2413, 1.26841036
2414, 1.26833768
2415, 1.26819940
2416, 1.26811064
2417, 1.26797487
2418, 1.26790999
2419, 1.26792463
2420, 1.26781652
2421, 1.26775791
2422, 1.26768080
2423, 1.26761382
2424, 1.26750784
2425, 1.26743003
2426, 1.26733251
2427, 1.26725304
2428, 1.26716351
2429, 1.26711137
2430, 1.26708813
2431, 1.26699848
2432, 1.26686531
2433, 1.26677148
2434, 1.26672441
2435, 1.26667845
2436, 1.26658067
2437, 1.26652474
2438, 1.26649381
2439, 1.26641335
2440, 1.26632945
2441, 1.26625344
2442, 1.26615154
2443, 1.26605022
2444, 1.26595873
2445, 1.26588027
2446, 1.26583044
2447, 1.26573492
2448, 1.26559028
2449, 1.26551122
2450, 1.26544721
2451, 1.26537848
2452, 1.26528942
2453, 1.26514482
2454, 1.26504460
2455, 1.26495044
2456, 1.26488416
2457, 1.26477815
2458, 1.26470169
2459, 1.26457592
2460, 1.26449457
2461, 1.26444304
2462, 1.26437252
2463, 1.26427626
2464, 1.26414902
2465, 1.26403737
2466, 1.26399570
2467, 1.26393763
2468, 1.26388927
2469, 1.26380741
2470, 1.26377262
2471, 1.26369287
2472, 1.26362205
2473, 1.26357715
2474, 1.26350000
2475, 1.26338667
2476, 1.26333686
2477, 1.26326814
2478, 1.26323354
2479, 1.26316983
2480, 1.26320277
2481, 1.26318708
2482, 1.26312316
2483, 1.26306469
2484, 1.26309902
2485, 1.26300578
2486, 1.26294500
2487, 1.26283519
2488, 1.26279518
2489, 1.26267903
2490, 1.26263757
2491, 1.26254118
2492, 1.26245931
2493, 1.26239467
2494, 1.26229042
2495, 1.26222123
2496, 1.26206530
2497, 1.26199897
2498, 1.26190627
2499, 1.26192309
2500, 1.26183960
2501, 1.26180380
2502, 1.26173133
2503, 1.26165765
2504, 1.26159272
2505, 1.26153627
2506, 1.26142734
2507, 1.26130511
2508, 1.26124323
2509, 1.26118361
2510, 1.26113628
2511, 1.26109944
2512, 1.26105382
2513, 1.26108004
2514, 1.26103299
2515, 1.26091010
2516, 1.26085996
2517, 1.26076532
2518, 1.26079667
2519, 1.26075263
2520, 1.26062698
2521, 1.26052492
2522, 1.26040958
2523, 1.26037427
2524, 1.26024930
2525, 1.26014200
2526, 1.26005274
2527, 1.25996575
2528, 1.25992107
2529, 1.25983353
2530, 1.25978644
2531, 1.25968408
2532, 1.25961611
2533, 1.25956201
2534, 1.25948822
2535, 1.25940478
2536, 1.25936109
2537, 1.25924912
2538, 1.25923564
2539, 1.25915554
2540, 1.25905667
2541, 1.25895555
2542, 1.25892621
2543, 1.25884692
2544, 1.25876058
2545, 1.25866501
2546, 1.25861876
2547, 1.25856912
2548, 1.25851192
2549, 1.25849633
2550, 1.25839382
2551, 1.25836246
2552, 1.25830422
2553, 1.25818949
2554, 1.25816266
2555, 1.25812643
2556, 1.25812181
2557, 1.25860266
2558, 1.25861845
2559, 1.25872180
2560, 1.25872527
2561, 1.25872189
2562, 1.25878591
2563, 1.25876406
2564, 1.25871684
2565, 1.25868820
2566, 1.25869196
2567, 1.25867306
2568, 1.25866524
2569, 1.25869120
2570, 1.25869059
2571, 1.25863415
2572, 1.25856778
2573, 1.25849968
2574, 1.25848096
2575, 1.25845415
2576, 1.25847949
2577, 1.25845275
2578, 1.25847106
2579, 1.25850051
2580, 1.25852162
2581, 1.25853274
2582, 1.25857934
2583, 1.25854450
2584, 1.25848741
2585, 1.25853947
2586, 1.25846519
2587, 1.25844727
2588, 1.25843439
2589, 1.25846230
2590, 1.25849941
2591, 1.25849246
2592, 1.25867830
2593, 1.25863354
2594, 1.25865044
2595, 1.25863600
2596, 1.25861967
2597, 1.25861514
2598, 1.25865397
2599, 1.25864396
2600, 1.25860841
2601, 1.25859439
2602, 1.25859821
2603, 1.25860948
2604, 1.25856398
2605, 1.25857265
2606, 1.25858463
2607, 1.25853212
2608, 1.25853884
2609, 1.25854852
2610, 1.25851166
2611, 1.25849348
2612, 1.25843302
2613, 1.25841606
2614, 1.25837924
2615, 1.25839224
2616, 1.25830241
2617, 1.25827209
2618, 1.25819625
2619, 1.25810373
2620, 1.25808015
2621, 1.25807098
2622, 1.25802845
2623, 1.25802805
2624, 1.25799314
2625, 1.25795535
2626, 1.25791934
2627, 1.25787390
2628, 1.25785448
2629, 1.25776262
2630, 1.25774696
2631, 1.25775227
2632, 1.25768408
2633, 1.25760248
2634, 1.25751880
2635, 1.25750076
2636, 1.25746318
2637, 1.25742448
2638, 1.25733335
2639, 1.25725642
2640, 1.25721524
2641, 1.25721149
2642, 1.25723692
2643, 1.25715767
2644, 1.25718975
2645, 1.25712436
2646, 1.25709508
2647, 1.25708137
2648, 1.25706198
2649, 1.25702127
2650, 1.25696327
2651, 1.25692309
2652, 1.25688117
2653, 1.25686078
2654, 1.25683066
2655, 1.25676133
2656, 1.25668673
2657, 1.25662263
2658, 1.25657405
2659, 1.25656735
2660, 1.25652709
2661, 1.25645416
2662, 1.25641896
2663, 1.25634528
2664, 1.25631382
2665, 1.25628523
2666, 1.25626101
2667, 1.25624822
2668, 1.25625475
2669, 1.25624374
2670, 1.25624049
2671, 1.25622149
2672, 1.25622386
2673, 1.25617493
2674, 1.25609360
2675, 1.25604988
2676, 1.25600912
2677, 1.25597206
2678, 1.25593753
2679, 1.25588425
2680, 1.25584050
2681, 1.25579939
2682, 1.25574471
2683, 1.25576556
2684, 1.25570474
2685, 1.25566388
2686, 1.25564960
2687, 1.25555295
2688, 1.25548595
2689, 1.25540544
2690, 1.25534062
2691, 1.25527846
2692, 1.25524182
2693, 1.25522543
2694, 1.25515872
2695, 1.25509772
2696, 1.25502749
2697, 1.25492992
2698, 1.25488711
2699, 1.25484379
2700, 1.25485043
2701, 1.25478069
2702, 1.25470463
2703, 1.25465021
2704, 1.25464159
2705, 1.25455461
2706, 1.25450472
2707, 1.25446950
2708, 1.25444349
2709, 1.25441648
2710, 1.25431366
2711, 1.25425100
2712, 1.25417023
2713, 1.25415847
2714, 1.25408819
2715, 1.25407902
2716, 1.25401480
2717, 1.25397925
2718, 1.25391131
2719, 1.25384614
2720, 1.25379896
2721, 1.25372591
2722, 1.25369442
2723, 1.25364137
2724, 1.25360101
2725, 1.25350708
2726, 1.25340476
2727, 1.25339222
2728, 1.25341328
2729, 1.25333599
2730, 1.25329832
2731, 1.25324190
2732, 1.25320178
2733, 1.25320347
2734, 1.25321595
2735, 1.25316990
2736, 1.25315393
2737, 1.25310757
2738, 1.25303398
2739, 1.25303127
2740, 1.25296118
2741, 1.25288922
2742, 1.25287736
2743, 1.25283022
2744, 1.25280001
2745, 1.25277081
2746, 1.25273916
2747, 1.25264046
2748, 1.25258286
2749, 1.25257029
2750, 1.25254982
2751, 1.25252454
2752, 1.25247504
2753, 1.25249449
2754, 1.25243735
2755, 1.25242114
2756, 1.25237650
2757, 1.25233318
2758, 1.25232615
2759, 1.25224971
2760, 1.25218066
2761, 1.25205340
2762, 1.25203369
2763, 1.25200514
2764, 1.25200951
2765, 1.25190997
2766, 1.25184044
2767, 1.25178811
2768, 1.25175565
2769, 1.25174255
2770, 1.25178558
2771, 1.25177618
2772, 1.25173789
2773, 1.25170852
2774, 1.25165724
2775, 1.25155783
2776, 1.25151012
2777, 1.25155980
2778, 1.25156640
2779, 1.25149348
2780, 1.25145643
2781, 1.25151517
2782, 1.25151894
2783, 1.25151241
2784, 1.25146262
2785, 1.25143367
2786, 1.25145770
2787, 1.25149027
2788, 1.25140744
2789, 1.25138549
2790, 1.25135132
2791, 1.25133228
2792, 1.25126772
2793, 1.25118842
2794, 1.25115745
2795, 1.25110963
2796, 1.25111351
2797, 1.25103595
2798, 1.25099091
2799, 1.25090430
2800, 1.25089364
2801, 1.25085954
2802, 1.25085369
2803, 1.25078117
2804, 1.25080383
2805, 1.25080421
2806, 1.25076351
2807, 1.25065813
2808, 1.25054791
2809, 1.25050349
2810, 1.25043225
2811, 1.25037052
2812, 1.25035934
2813, 1.25037032
2814, 1.25030969
2815, 1.25028935
2816, 1.25023100
2817, 1.25017191
2818, 1.25017176
2819, 1.25009515
2820, 1.25004164
2821, 1.25001423
2822, 1.24994123
2823, 1.24989339
2824, 1.24976231
2825, 1.24966305
2826, 1.24960982
2827, 1.24960320
2828, 1.24951933
2829, 1.24950130
2830, 1.24950246
2831, 1.24950297
2832, 1.24946983
2833, 1.24944109
2834, 1.24942804
2835, 1.24938589
2836, 1.24930707
2837, 1.24929262
2838, 1.24932926
2839, 1.24932369
2840, 1.24927211
2841, 1.24920283
2842, 1.24921264
2843, 1.24917461
2844, 1.24915473
2845, 1.24913245
2846, 1.24908584
2847, 1.24901462
2848, 1.24894400
2849, 1.24885382
2850, 1.24881092
2851, 1.24878382
2852, 1.24875717
2853, 1.24869955
2854, 1.24862046
2855, 1.24853605
2856, 1.24843551
2857, 1.24841360
2858, 1.24838928
2859, 1.24835548
2860, 1.24830899
2861, 1.24820617
2862, 1.24811925
2863, 1.24806054
2864, 1.24799820
2865, 1.24791397
2866, 1.24788967
2867, 1.24780922
2868, 1.24773688
2869, 1.24766291
2870, 1.24761045
2871, 1.24752742
2872, 1.24751225
2873, 1.24740625
2874, 1.24734289
2875, 1.24726538
2876, 1.24714505
2877, 1.24704732
2878, 1.24698441
2879, 1.24690441
2880, 1.24686211
2881, 1.24679430
2882, 1.24672780
2883, 1.24664191
2884, 1.24656892
2885, 1.24649967
2886, 1.24644051
2887, 1.24643599
2888, 1.24640844
2889, 1.24632107
2890, 1.24623752
2891, 1.24617251
2892, 1.24607252
2893, 1.24595491
2894, 1.24588754
2895, 1.24579013
2896, 1.24567341
2897, 1.24561393
2898, 1.24555439
2899, 1.24551388
2900, 1.24542815
2901, 1.24538572
2902, 1.24536903
2903, 1.24529671
2904, 1.24523485
2905, 1.24513983
2906, 1.24511234
2907, 1.24507669
2908, 1.24500714
2909, 1.24493930
2910, 1.24481593
2911, 1.24469714
2912, 1.24462446
2913, 1.24458489
2914, 1.24450977
2915, 1.24447501
2916, 1.24438554
2917, 1.24433064
2918, 1.24428512
2919, 1.24421465
2920, 1.24413736
2921, 1.24402320
2922, 1.24392122
2923, 1.24386072
2924, 1.24378326
2925, 1.24371115
2926, 1.24363179
2927, 1.24356053
2928, 1.24350988
2929, 1.24343827
2930, 1.24337464
2931, 1.24326399
2932, 1.24318610
2933, 1.24312535
2934, 1.24309357
2935, 1.24305864
2936, 1.24303263
2937, 1.24297811
2938, 1.24290230
2939, 1.24283344
2940, 1.24272619
2941, 1.24262770
2942, 1.24261216
2943, 1.24252851
2944, 1.24242649
2945, 1.24238025
2946, 1.24225398
2947, 1.24220199
2948, 1.24211277
2949, 1.24206808
2950, 1.24202404
2951, 1.24200028
2952, 1.24187672
2953, 1.24182095
2954, 1.24171685
2955, 1.24162824
2956, 1.24158961
2957, 1.24151894
2958, 1.24144272
2959, 1.24139989
2960, 1.24132134
2961, 1.24127799
2962, 1.24121996
2963, 1.24112074
2964, 1.24107275
2965, 1.24099745
2966, 1.24094084
2967, 1.24088733
2968, 1.24081194
2969, 1.24078090
2970, 1.24070175
2971, 1.24062194
2972, 1.24053466
2973, 1.24049505
2974, 1.24040468
2975, 1.24035267
2976, 1.24029150
2977, 1.24025848
2978, 1.24020464
2979, 1.24012234
2980, 1.24010662
2981, 1.24008293
2982, 1.24000078
2983, 1.23995110
2984, 1.23986684
2985, 1.23977404
2986, 1.23973547
2987, 1.23962245
2988, 1.23959187
2989, 1.23947098
2990, 1.23938611
2991, 1.23930230
2992, 1.23933558
2993, 1.23925770
2994, 1.23917314
2995, 1.23903480
2996, 1.23893328
2997, 1.23886054
2998, 1.23878237
2999, 1.23871371
3000, 1.23871007
3001, 1.23863716
3002, 1.23861839
3003, 1.23851868
3004, 1.23850389
3005, 1.23850751
3006, 1.23845658
3007, 1.23836413
3008, 1.23827663
3009, 1.23817196
3010, 1.23811542
3011, 1.23805743
3012, 1.23797853
3013, 1.23790643
3014, 1.23784700
3015, 1.23777295
3016, 1.23773333
3017, 1.23766495
3018, 1.23757561
3019, 1.23753044
3020, 1.23745341
3021, 1.23742021
3022, 1.23736323
3023, 1.23728229
3024, 1.23725673
3025, 1.23722782
3026, 1.23714604
3027, 1.23712299
3028, 1.23707496
3029, 1.23698233
3030, 1.23692446
3031, 1.23686606
3032, 1.23681499
3033, 1.23676923
3034, 1.23667759
3035, 1.23663798
3036, 1.23657111
3037, 1.23644716
3038, 1.23641650
3039, 1.23635152
3040, 1.23628937
3041, 1.23621677
3042, 1.23616362
3043, 1.23617704
3044, 1.23608740
3045, 1.23607558
3046, 1.23603971
3047, 1.23595158
3048, 1.23586065
3049, 1.23589709
3050, 1.23589572
3051, 1.23585676
3052, 1.23580885
3053, 1.23575136
3054, 1.23566225
3055, 1.23557518
3056, 1.23551366
3057, 1.23547660
3058, 1.23541783
3059, 1.23530482
3060, 1.23521321
3061, 1.23514018
3062, 1.23505383
3063, 1.23496698
3064, 1.23492723
3065, 1.23485500
3066, 1.23475712
3067, 1.23474472
3068, 1.23468339
3069, 1.23463482
3070, 1.23454910
3071, 1.23450418
3072, 1.23441357
3073, 1.23434004
3074, 1.23426219
3075, 1.23420290
3076, 1.23415105
3077, 1.23409783
3078, 1.23405280
3079, 1.23401063
3080, 1.23395987
3081, 1.23395499
3082, 1.23387674
3083, 1.23378847
3084, 1.23372080
3085, 1.23363895
3086, 1.23351616
3087, 1.23340884
3088, 1.23333365
3089, 1.23329515
3090, 1.23323015
3091, 1.23317254
3092, 1.23307367
3093, 1.23306097
3094, 1.23296649
3095, 1.23287308
3096, 1.23274448
3097, 1.23268958
3098, 1.23265152
3099, 1.23260000
3100, 1.23252391
3101, 1.23241332
3102, 1.23232237
3103, 1.23227682
3104, 1.23225953
3105, 1.23221543
3106, 1.23215086
3107, 1.23208680
3108, 1.23204149
3109, 1.23195415
3110, 1.23192296
3111, 1.23187898
3112, 1.23180473
3113, 1.23173151
3114, 1.23165982
3115, 1.23155228
3116, 1.23147907
3117, 1.23140368
3118, 1.23132996
3119, 1.23126406
3120, 1.23118040
3121, 1.23111415
3122, 1.23106209
3123, 1.23098940
3124, 1.23093199
3125, 1.23087120
3126, 1.23083882
3127, 1.23077926
3128, 1.23070673
3129, 1.23067427
3130, 1.23058776
3131, 1.23055670
3132, 1.23051139
3133, 1.23046170
3134, 1.23039094
3135, 1.23032866
3136, 1.23030357
3137, 1.23022042
3138, 1.23021073
3139, 1.23014453
3140, 1.23012843
3141, 1.23009810
3142, 1.23005076
3143, 1.22995719
3144, 1.22994577
3145, 1.22988291
3146, 1.22985312
3147, 1.22979626
3148, 1.22973213
3149, 1.22967569
3150, 1.22958437
3151, 1.22955371
3152, 1.22948020
3153, 1.22936488
3154, 1.22928078
3155, 1.22920237
3156, 1.22909194
3157, 1.22901452
3158, 1.22886940
3159, 1.22881559
3160, 1.22878914
3161, 1.22870811
3162, 1.22867756
3163, 1.22856260
3164, 1.22850748
3165, 1.22845009
3166, 1.22847113
3167, 1.22841798
3168, 1.22835291
3169, 1.22828702
3170, 1.22820507
3171, 1.22809745
3172, 1.22806594
3173, 1.22798468
3174, 1.22793689
3175, 1.22782264
3176, 1.22776415
3177, 1.22765335
3178, 1.22758830
3179, 1.22750556
3180, 1.22742936
3181, 1.22738561
3182, 1.22728561
3183, 1.22723391
3184, 1.22716611
3185, 1.22708857
3186, 1.22701645
3187, 1.22693468
3188, 1.22689469
3189, 1.22682252
3190, 1.22673631
3191, 1.22666057
3192, 1.22662418
3193, 1.22653498
3194, 1.22647359
3195, 1.22642115
3196, 1.22638852
3197, 1.22632843
3198, 1.22631940
3199, 1.22625984
3200, 1.22615719
3201, 1.22611912
3202, 1.22605434
3203, 1.22603882
3204, 1.22595619
3205, 1.22584959
3206, 1.22576549
3207, 1.22568083
3208, 1.22559064
3209, 1.22554643
3210, 1.22548933
3211, 1.22546222
3212, 1.22542277
3213, 1.22534702
3214, 1.22529188
3215, 1.22526252
3216, 1.22520911
3217, 1.22515106
3218, 1.22509501
3219, 1.22501319
3220, 1.22499121
3221, 1.22492359
3222, 1.22487633
3223, 1.22478606
3224, 1.22473289
3225, 1.22469716
3226, 1.22465198
3227, 1.22463168
3228, 1.22450532
3229, 1.22445921
3230, 1.22433872
3231, 1.22424552
3232, 1.22423233
3233, 1.22416378
3234, 1.22414225
3235, 1.22407201
3236, 1.22403357
3237, 1.22398194
3238, 1.22392117
3239, 1.22390271
3240, 1.22378852
3241, 1.22371994
3242, 1.22367752
3243, 1.22359479
3244, 1.22353708
3245, 1.22347858
3246, 1.22342701
3247, 1.22336370
3248, 1.22331988
3249, 1.22323283
3250, 1.22316516
3251, 1.22313890
3252, 1.22307450
3253, 1.22297023
3254, 1.22286287
3255, 1.22283303
3256, 1.22276111
3257, 1.22268995
3258, 1.22261436
3259, 1.22258759
3260, 1.22255969
3261, 1.22248005
3262, 1.22242148
3263, 1.22236911
3264, 1.22230662
3265, 1.22227536
3266, 1.22225287
3267, 1.22220875
3268, 1.22217124
3269, 1.22210028
3270, 1.22204496
3271, 1.22199013
3272, 1.22193559
3273, 1.22184773
3274, 1.22179566
3275, 1.22174287
3276, 1.22169255
3277, 1.22159122
3278, 1.22153831
3279, 1.22150280
3280, 1.22149629
3281, 1.22140015
3282, 1.22134279
3283, 1.22125200
3284, 1.22119457
3285, 1.22114175
3286, 1.22113687
3287, 1.22107991
3288, 1.22100873
3289, 1.22097302
3290, 1.22092347
3291, 1.22087178
3292, 1.22083700
3293, 1.22073626
3294, 1.22066506
3295, 1.22063151
3296, 1.22057191
3297, 1.22051180
3298, 1.22045950
3299, 1.22042495
3300, 1.22037600
3301, 1.22029409
3302, 1.22027858
3303, 1.22018058
3304, 1.22014730
3305, 1.22013344
3306, 1.22009579
3307, 1.22005140
3308, 1.21998233
3309, 1.21990090
3310, 1.21983645
3311, 1.21980945
3312, 1.21976771
3313, 1.21971393
3314, 1.21965039
3315, 1.21960034
3316, 1.21953111
3317, 1.21945964
3318, 1.21941426
3319, 1.21936239
3320, 1.21929749
3321, 1.21925659
3322, 1.21916441
3323, 1.21914692
3324, 1.21904152
3325, 1.21898999
3326, 1.21888818
3327, 1.21888453
3328, 1.21883830
3329, 1.21881591
3330, 1.21879805
3331, 1.21874618
3332, 1.21870570
3333, 1.21861299
3334, 1.21861518
3335, 1.21854829
3336, 1.21849010
3337, 1.21839859
3338, 1.21830129
3339, 1.21826523
3340, 1.21822550
3341, 1.21814334
3342, 1.21808313
3343, 1.21799209
3344, 1.21794835
3345, 1.21785209
3346, 1.21777686
3347, 1.21769271
3348, 1.21757641
3349, 1.21753791
3350, 1.21744815
3351, 1.21735160
3352, 1.21731420
3353, 1.21726109
3354, 1.21715877
3355, 1.21707402
3356, 1.21703912
3357, 1.21699228
3358, 1.21695172
3359, 1.21686981
3360, 1.21680544
3361, 1.21676413
3362, 1.21675266
3363, 1.21664328
3364, 1.21658375
3365, 1.21650341
3366, 1.21648242
3367, 1.21642088
3368, 1.21636031
3369, 1.21627611
3370, 1.21622014
3371, 1.21616199
3372, 1.21614884
3373, 1.21606455
3374, 1.21597560
3375, 1.21594119
3376, 1.21589090
3377, 1.21587922
3378, 1.21583491
3379, 1.21578455
3380, 1.21573458
3381, 1.21565203
3382, 1.21560708
3383, 1.21553801
3384, 1.21543059
3385, 1.21535279
3386, 1.21528638
3387, 1.21522267
3388, 1.21513975
3389, 1.21510712
3390, 1.21504018
3391, 1.21496880
3392, 1.21493512
3393, 1.21487400
3394, 1.21480481
3395, 1.21475116
3396, 1.21465465
3397, 1.21464903
3398, 1.21456631
3399, 1.21447036
3400, 1.21439629
3401, 1.21435209
3402, 1.21429108
3403, 1.21424428
3404, 1.21420653
3405, 1.21417331
3406, 1.21412858
3407, 1.21406661
3408, 1.21403620
3409, 1.21397868
3410, 1.21391104
3411, 1.21386527
3412, 1.21380109
3413, 1.21376965
3414, 1.21372363
3415, 1.21368549
3416, 1.21364974
3417, 1.21359014
3418, 1.21348212
3419, 1.21339869
3420, 1.21339177
