1, 1.000000e-03
2, 1.000000e-03
3, 1.000000e-03
4, 1.000000e-03
5, 1.000000e-03
6, 1.000000e-03
7, 1.000000e-03
8, 1.000000e-03
9, 1.000000e-03
10, 1.000000e-03
11, 1.000000e-03
12, 1.000000e-03
13, 1.000000e-03
14, 1.000000e-03
15, 1.000000e-03
16, 1.000000e-03
17, 1.000000e-03
18, 1.000000e-03
19, 1.000000e-03
20, 1.000000e-03
21, 1.000000e-03
22, 1.000000e-03
23, 1.000000e-03
24, 1.000000e-03
25, 1.000000e-03
26, 1.000000e-03
27, 1.000000e-03
28, 1.000000e-03
29, 1.000000e-03
30, 1.000000e-03
31, 1.000000e-03
32, 1.000000e-03
33, 1.000000e-03
34, 1.000000e-03
35, 1.000000e-03
36, 1.000000e-03
37, 1.000000e-03
38, 1.000000e-03
39, 1.000000e-03
40, 1.000000e-03
41, 1.000000e-03
42, 1.000000e-03
43, 1.000000e-03
44, 1.000000e-03
45, 1.000000e-03
46, 1.000000e-03
47, 1.000000e-03
48, 1.000000e-03
49, 1.000000e-03
50, 1.000000e-03
51, 1.000000e-03
52, 1.000000e-03
53, 1.000000e-03
54, 1.000000e-03
55, 1.000000e-03
56, 1.000000e-03
57, 1.000000e-03
58, 1.000000e-03
59, 1.000000e-03
60, 1.000000e-03
61, 1.000000e-03
62, 1.000000e-03
63, 1.000000e-03
64, 1.000000e-03
65, 1.000000e-03
66, 1.000000e-03
67, 1.000000e-03
68, 1.000000e-03
69, 1.000000e-03
70, 1.000000e-03
71, 1.000000e-03
72, 1.000000e-03
73, 1.000000e-03
74, 1.000000e-03
75, 1.000000e-03
76, 1.000000e-03
77, 1.000000e-03
78, 1.000000e-03
79, 1.000000e-03
80, 1.000000e-03
81, 1.000000e-03
82, 1.000000e-03
83, 1.000000e-03
84, 1.000000e-03
85, 1.000000e-03
86, 1.000000e-03
87, 1.000000e-03
88, 1.000000e-03
89, 1.000000e-03
90, 1.000000e-03
91, 1.000000e-03
92, 1.000000e-03
93, 1.000000e-03
94, 1.000000e-03
95, 1.000000e-03
96, 1.000000e-03
97, 1.000000e-03
98, 1.000000e-03
99, 1.000000e-03
100, 1.000000e-03
101, 1.000000e-03
102, 1.000000e-03
103, 1.000000e-03
104, 1.000000e-03
105, 1.000000e-03
106, 1.000000e-03
107, 1.000000e-03
108, 1.000000e-03
109, 1.000000e-03
110, 1.000000e-03
111, 1.000000e-03
112, 1.000000e-03
113, 1.000000e-03
114, 1.000000e-03
115, 1.000000e-03
116, 1.000000e-03
117, 1.000000e-03
118, 1.000000e-03
119, 1.000000e-03
120, 1.000000e-03
121, 1.000000e-03
122, 1.000000e-03
123, 1.000000e-03
124, 1.000000e-03
125, 1.000000e-03
126, 1.000000e-03
127, 1.000000e-03
128, 1.000000e-03
129, 1.000000e-03
130, 1.000000e-03
131, 1.000000e-03
132, 1.000000e-03
133, 1.000000e-03
134, 1.000000e-03
135, 1.000000e-03
136, 1.000000e-03
137, 1.000000e-03
138, 1.000000e-03
139, 1.000000e-03
140, 1.000000e-03
141, 1.000000e-03
142, 1.000000e-03
143, 1.000000e-03
144, 1.000000e-03
145, 1.000000e-03
146, 1.000000e-03
147, 1.000000e-03
148, 1.000000e-03
149, 1.000000e-03
150, 1.000000e-03
151, 1.000000e-03
152, 1.000000e-03
153, 1.000000e-03
154, 1.000000e-03
155, 1.000000e-03
156, 1.000000e-03
157, 1.000000e-03
158, 1.000000e-03
159, 1.000000e-03
160, 1.000000e-03
161, 1.000000e-03
162, 1.000000e-03
163, 1.000000e-03
164, 1.000000e-03
165, 1.000000e-03
166, 1.000000e-03
167, 1.000000e-03
168, 1.000000e-03
169, 1.000000e-03
170, 1.000000e-03
171, 1.000000e-03
172, 1.000000e-03
173, 1.000000e-03
174, 1.000000e-03
175, 1.000000e-03
176, 1.000000e-03
177, 1.000000e-03
178, 1.000000e-03
179, 1.000000e-03
180, 1.000000e-03
181, 1.000000e-03
182, 1.000000e-03
183, 1.000000e-03
184, 1.000000e-03
185, 1.000000e-03
186, 1.000000e-03
187, 1.000000e-03
188, 1.000000e-03
189, 1.000000e-03
190, 1.000000e-03
191, 1.000000e-03
192, 1.000000e-03
193, 1.000000e-03
194, 1.000000e-03
195, 1.000000e-03
196, 1.000000e-03
197, 1.000000e-03
198, 1.000000e-03
199, 1.000000e-03
200, 1.000000e-03
201, 1.000000e-03
202, 1.000000e-03
203, 1.000000e-03
204, 1.000000e-03
205, 1.000000e-03
206, 1.000000e-03
207, 1.000000e-03
208, 1.000000e-03
209, 1.000000e-03
210, 1.000000e-03
211, 1.000000e-03
212, 1.000000e-03
213, 1.000000e-03
214, 1.000000e-03
215, 1.000000e-03
216, 1.000000e-03
217, 1.000000e-03
218, 1.000000e-03
219, 1.000000e-03
220, 1.000000e-03
221, 1.000000e-03
222, 1.000000e-03
223, 1.000000e-03
224, 1.000000e-03
225, 1.000000e-03
226, 1.000000e-03
227, 1.000000e-03
228, 1.000000e-03
229, 1.000000e-03
230, 1.000000e-03
231, 1.000000e-03
232, 1.000000e-03
233, 1.000000e-03
234, 1.000000e-03
235, 1.000000e-03
236, 1.000000e-03
237, 1.000000e-03
238, 1.000000e-03
239, 1.000000e-03
240, 1.000000e-03
241, 1.000000e-03
242, 1.000000e-03
243, 1.000000e-03
244, 1.000000e-03
245, 1.000000e-03
246, 1.000000e-03
247, 1.000000e-03
248, 1.000000e-03
249, 1.000000e-03
250, 1.000000e-03
251, 1.000000e-03
252, 1.000000e-03
253, 1.000000e-03
254, 1.000000e-03
255, 1.000000e-03
256, 1.000000e-03
257, 1.000000e-03
258, 1.000000e-03
259, 1.000000e-03
260, 1.000000e-03
261, 1.000000e-03
262, 1.000000e-03
263, 1.000000e-03
264, 1.000000e-03
265, 1.000000e-03
266, 1.000000e-03
267, 1.000000e-03
268, 1.000000e-03
269, 1.000000e-03
270, 1.000000e-03
271, 1.000000e-03
272, 1.000000e-03
273, 1.000000e-03
274, 1.000000e-03
275, 1.000000e-03
276, 1.000000e-03
277, 1.000000e-03
278, 1.000000e-03
279, 1.000000e-03
280, 1.000000e-03
281, 1.000000e-03
282, 1.000000e-03
283, 1.000000e-03
284, 1.000000e-03
285, 1.000000e-03
286, 1.000000e-03
287, 1.000000e-03
288, 1.000000e-03
289, 1.000000e-03
290, 1.000000e-03
291, 1.000000e-03
292, 1.000000e-03
293, 1.000000e-03
294, 1.000000e-03
295, 1.000000e-03
296, 1.000000e-03
297, 1.000000e-03
298, 1.000000e-03
299, 1.000000e-03
300, 1.000000e-03
301, 1.000000e-03
302, 1.000000e-03
303, 1.000000e-03
304, 1.000000e-03
305, 1.000000e-03
306, 1.000000e-03
307, 1.000000e-03
308, 1.000000e-03
309, 1.000000e-03
310, 1.000000e-03
311, 1.000000e-03
312, 1.000000e-03
313, 1.000000e-03
314, 1.000000e-03
315, 1.000000e-03
316, 1.000000e-03
317, 1.000000e-03
318, 1.000000e-03
319, 1.000000e-03
320, 1.000000e-03
321, 1.000000e-03
322, 1.000000e-03
323, 1.000000e-03
324, 1.000000e-03
325, 1.000000e-03
326, 1.000000e-03
327, 1.000000e-03
328, 1.000000e-03
329, 1.000000e-03
330, 1.000000e-03
331, 1.000000e-03
332, 1.000000e-03
333, 1.000000e-03
334, 1.000000e-03
335, 1.000000e-03
336, 1.000000e-03
337, 1.000000e-03
338, 1.000000e-03
339, 1.000000e-03
340, 1.000000e-03
341, 1.000000e-03
342, 1.000000e-03
343, 1.000000e-03
344, 1.000000e-03
345, 1.000000e-03
346, 1.000000e-03
347, 1.000000e-03
348, 1.000000e-03
349, 1.000000e-03
350, 1.000000e-03
351, 1.000000e-03
352, 1.000000e-03
353, 1.000000e-03
354, 1.000000e-03
355, 1.000000e-03
356, 1.000000e-03
357, 1.000000e-03
358, 1.000000e-03
359, 1.000000e-03
360, 1.000000e-03
361, 1.000000e-03
362, 1.000000e-03
363, 1.000000e-03
364, 1.000000e-03
365, 1.000000e-03
366, 1.000000e-03
367, 1.000000e-03
368, 1.000000e-03
369, 1.000000e-03
370, 1.000000e-03
371, 1.000000e-03
372, 1.000000e-03
373, 1.000000e-03
374, 1.000000e-03
375, 1.000000e-03
376, 1.000000e-03
377, 1.000000e-03
378, 1.000000e-03
379, 1.000000e-03
380, 1.000000e-03
381, 1.000000e-03
382, 1.000000e-03
383, 1.000000e-03
384, 1.000000e-03
385, 1.000000e-03
386, 1.000000e-03
387, 1.000000e-03
388, 1.000000e-03
389, 1.000000e-03
390, 1.000000e-03
391, 1.000000e-03
392, 1.000000e-03
393, 1.000000e-03
394, 1.000000e-03
395, 1.000000e-03
396, 1.000000e-03
397, 1.000000e-03
398, 1.000000e-03
399, 1.000000e-03
400, 1.000000e-03
401, 1.000000e-03
402, 1.000000e-03
403, 1.000000e-03
404, 1.000000e-03
405, 1.000000e-03
406, 1.000000e-03
407, 1.000000e-03
408, 1.000000e-03
409, 1.000000e-03
410, 1.000000e-03
411, 1.000000e-03
412, 1.000000e-03
413, 1.000000e-03
414, 1.000000e-03
415, 1.000000e-03
416, 1.000000e-03
417, 1.000000e-03
418, 1.000000e-03
419, 1.000000e-03
420, 1.000000e-03
421, 1.000000e-03
422, 1.000000e-03
423, 1.000000e-03
424, 1.000000e-03
425, 1.000000e-03
426, 1.000000e-03
427, 1.000000e-03
428, 1.000000e-03
429, 1.000000e-03
430, 1.000000e-03
431, 1.000000e-03
432, 1.000000e-03
433, 1.000000e-03
434, 1.000000e-03
435, 1.000000e-03
436, 1.000000e-03
437, 1.000000e-03
438, 1.000000e-03
439, 1.000000e-03
440, 1.000000e-03
441, 1.000000e-03
442, 1.000000e-03
443, 1.000000e-03
444, 1.000000e-03
445, 1.000000e-03
446, 1.000000e-03
447, 1.000000e-03
448, 1.000000e-03
449, 1.000000e-03
450, 1.000000e-03
451, 1.000000e-03
452, 1.000000e-03
453, 1.000000e-03
454, 1.000000e-03
455, 1.000000e-03
456, 1.000000e-03
457, 1.000000e-03
458, 1.000000e-03
459, 1.000000e-03
460, 1.000000e-03
461, 1.000000e-03
462, 1.000000e-03
463, 1.000000e-03
464, 1.000000e-03
465, 1.000000e-03
466, 1.000000e-03
467, 1.000000e-03
468, 1.000000e-03
469, 1.000000e-03
470, 1.000000e-03
471, 1.000000e-03
472, 1.000000e-03
473, 1.000000e-03
474, 1.000000e-03
475, 1.000000e-03
476, 1.000000e-03
477, 1.000000e-03
478, 1.000000e-03
479, 1.000000e-03
480, 1.000000e-03
481, 1.000000e-03
482, 1.000000e-03
483, 1.000000e-03
484, 1.000000e-03
485, 1.000000e-03
486, 1.000000e-03
487, 1.000000e-03
488, 1.000000e-03
489, 1.000000e-03
490, 1.000000e-03
491, 1.000000e-03
492, 1.000000e-03
493, 1.000000e-03
494, 1.000000e-03
495, 1.000000e-03
496, 1.000000e-03
497, 1.000000e-03
498, 1.000000e-03
499, 1.000000e-03
500, 1.000000e-03
501, 1.000000e-03
502, 1.000000e-03
503, 1.000000e-03
504, 1.000000e-03
505, 1.000000e-03
506, 1.000000e-03
507, 1.000000e-03
508, 1.000000e-03
509, 1.000000e-03
510, 1.000000e-03
511, 1.000000e-03
512, 1.000000e-03
513, 1.000000e-03
514, 1.000000e-03
515, 1.000000e-03
516, 1.000000e-03
517, 1.000000e-03
518, 1.000000e-03
519, 1.000000e-03
520, 1.000000e-03
521, 1.000000e-03
522, 1.000000e-03
523, 1.000000e-03
524, 1.000000e-03
525, 1.000000e-03
526, 1.000000e-03
527, 1.000000e-03
528, 1.000000e-03
529, 1.000000e-03
530, 1.000000e-03
531, 1.000000e-03
532, 1.000000e-03
533, 1.000000e-03
534, 1.000000e-03
535, 1.000000e-03
536, 1.000000e-03
537, 1.000000e-03
538, 1.000000e-03
539, 1.000000e-03
540, 1.000000e-03
541, 1.000000e-03
542, 1.000000e-03
543, 1.000000e-03
544, 1.000000e-03
545, 1.000000e-03
546, 1.000000e-03
547, 1.000000e-03
548, 1.000000e-03
549, 1.000000e-03
550, 1.000000e-03
551, 1.000000e-03
552, 1.000000e-03
553, 1.000000e-03
554, 1.000000e-03
555, 1.000000e-03
556, 1.000000e-03
557, 1.000000e-03
558, 1.000000e-03
559, 1.000000e-03
560, 1.000000e-03
561, 1.000000e-03
562, 1.000000e-03
563, 1.000000e-03
564, 1.000000e-03
565, 1.000000e-03
566, 1.000000e-03
567, 1.000000e-03
568, 1.000000e-03
569, 1.000000e-03
570, 1.000000e-03
571, 1.000000e-03
572, 1.000000e-03
573, 1.000000e-03
574, 1.000000e-03
575, 1.000000e-03
576, 1.000000e-03
577, 1.000000e-03
578, 1.000000e-03
579, 1.000000e-03
580, 1.000000e-03
581, 1.000000e-03
582, 1.000000e-03
583, 1.000000e-03
584, 1.000000e-03
585, 1.000000e-03
586, 1.000000e-03
587, 1.000000e-03
588, 1.000000e-03
589, 1.000000e-03
590, 1.000000e-03
591, 1.000000e-03
592, 1.000000e-03
593, 1.000000e-03
594, 1.000000e-03
595, 1.000000e-03
596, 1.000000e-03
597, 1.000000e-03
598, 1.000000e-03
599, 1.000000e-03
600, 1.000000e-03
601, 1.000000e-03
602, 1.000000e-03
603, 1.000000e-03
604, 1.000000e-03
605, 1.000000e-03
606, 1.000000e-03
607, 1.000000e-03
608, 1.000000e-03
609, 1.000000e-03
610, 1.000000e-03
611, 1.000000e-03
612, 1.000000e-03
613, 1.000000e-03
614, 1.000000e-03
615, 1.000000e-03
616, 1.000000e-03
617, 1.000000e-03
618, 1.000000e-03
619, 1.000000e-03
620, 1.000000e-03
621, 1.000000e-03
622, 1.000000e-03
623, 1.000000e-03
624, 1.000000e-03
625, 1.000000e-03
626, 1.000000e-03
627, 1.000000e-03
628, 1.000000e-03
629, 1.000000e-03
630, 1.000000e-03
631, 1.000000e-03
632, 1.000000e-03
633, 1.000000e-03
634, 1.000000e-03
635, 1.000000e-03
636, 1.000000e-03
637, 1.000000e-03
638, 1.000000e-03
639, 1.000000e-03
640, 1.000000e-03
641, 1.000000e-03
642, 1.000000e-03
643, 1.000000e-03
644, 1.000000e-03
645, 1.000000e-03
646, 1.000000e-03
647, 1.000000e-03
648, 1.000000e-03
649, 1.000000e-03
650, 1.000000e-03
651, 1.000000e-03
652, 1.000000e-03
653, 1.000000e-03
654, 1.000000e-03
655, 1.000000e-03
656, 1.000000e-03
657, 1.000000e-03
658, 1.000000e-03
659, 1.000000e-03
660, 1.000000e-03
661, 1.000000e-03
662, 1.000000e-03
663, 1.000000e-03
664, 1.000000e-03
665, 1.000000e-03
666, 1.000000e-03
667, 1.000000e-03
668, 1.000000e-03
669, 1.000000e-03
670, 1.000000e-03
671, 1.000000e-03
672, 1.000000e-03
673, 1.000000e-03
674, 1.000000e-03
675, 1.000000e-03
676, 1.000000e-03
677, 1.000000e-03
678, 1.000000e-03
679, 1.000000e-03
680, 1.000000e-03
681, 1.000000e-03
682, 1.000000e-03
683, 1.000000e-03
684, 1.000000e-03
685, 1.000000e-03
686, 1.000000e-03
687, 1.000000e-03
688, 1.000000e-03
689, 1.000000e-03
690, 1.000000e-03
691, 1.000000e-03
692, 1.000000e-03
693, 1.000000e-03
694, 1.000000e-03
695, 1.000000e-03
696, 1.000000e-03
697, 1.000000e-03
698, 1.000000e-03
699, 1.000000e-03
700, 1.000000e-03
701, 1.000000e-03
702, 1.000000e-03
703, 1.000000e-03
704, 1.000000e-03
705, 1.000000e-03
706, 1.000000e-03
707, 1.000000e-03
708, 1.000000e-03
709, 1.000000e-03
710, 1.000000e-03
711, 1.000000e-03
712, 1.000000e-03
713, 1.000000e-03
714, 1.000000e-03
715, 1.000000e-03
716, 1.000000e-03
717, 1.000000e-03
718, 1.000000e-03
719, 1.000000e-03
720, 1.000000e-03
721, 1.000000e-03
722, 1.000000e-03
723, 1.000000e-03
724, 1.000000e-03
725, 1.000000e-03
726, 1.000000e-03
727, 1.000000e-03
728, 1.000000e-03
729, 1.000000e-03
730, 1.000000e-03
731, 1.000000e-03
732, 1.000000e-03
733, 1.000000e-03
734, 1.000000e-03
735, 1.000000e-03
736, 1.000000e-03
737, 1.000000e-03
738, 1.000000e-03
739, 1.000000e-03
740, 1.000000e-03
741, 1.000000e-03
742, 1.000000e-03
743, 1.000000e-03
744, 1.000000e-03
745, 1.000000e-03
746, 1.000000e-03
747, 1.000000e-03
748, 1.000000e-03
749, 1.000000e-03
750, 1.000000e-03
751, 1.000000e-03
752, 1.000000e-03
753, 1.000000e-03
754, 1.000000e-03
755, 1.000000e-03
756, 1.000000e-03
757, 1.000000e-03
758, 1.000000e-03
759, 1.000000e-03
760, 1.000000e-03
761, 1.000000e-03
762, 1.000000e-03
763, 1.000000e-03
764, 1.000000e-03
765, 1.000000e-03
766, 1.000000e-03
767, 1.000000e-03
768, 1.000000e-03
769, 1.000000e-03
770, 1.000000e-03
771, 1.000000e-03
772, 1.000000e-03
773, 1.000000e-03
774, 1.000000e-03
775, 1.000000e-03
776, 1.000000e-03
777, 1.000000e-03
778, 1.000000e-03
779, 1.000000e-03
780, 1.000000e-03
781, 1.000000e-03
782, 1.000000e-03
783, 1.000000e-03
784, 1.000000e-03
785, 1.000000e-03
786, 1.000000e-03
787, 1.000000e-03
788, 1.000000e-03
789, 1.000000e-03
790, 1.000000e-03
791, 1.000000e-03
792, 1.000000e-03
793, 1.000000e-03
794, 1.000000e-03
795, 1.000000e-03
796, 1.000000e-03
797, 1.000000e-03
798, 1.000000e-03
799, 1.000000e-03
800, 1.000000e-03
801, 1.000000e-03
802, 1.000000e-03
803, 1.000000e-03
804, 1.000000e-03
805, 1.000000e-03
806, 1.000000e-03
807, 1.000000e-03
808, 1.000000e-03
809, 1.000000e-03
810, 1.000000e-03
811, 1.000000e-03
812, 1.000000e-03
813, 1.000000e-03
814, 1.000000e-03
815, 1.000000e-03
816, 1.000000e-03
817, 1.000000e-03
818, 1.000000e-03
819, 1.000000e-03
820, 1.000000e-03
821, 1.000000e-03
822, 1.000000e-03
823, 1.000000e-03
824, 1.000000e-03
825, 1.000000e-03
826, 1.000000e-03
827, 1.000000e-03
828, 1.000000e-03
829, 1.000000e-03
830, 1.000000e-03
831, 1.000000e-03
832, 1.000000e-03
833, 1.000000e-03
834, 1.000000e-03
835, 1.000000e-03
836, 1.000000e-03
837, 1.000000e-03
838, 1.000000e-03
839, 1.000000e-03
840, 1.000000e-03
841, 1.000000e-03
842, 1.000000e-03
843, 1.000000e-03
844, 1.000000e-03
845, 1.000000e-03
846, 1.000000e-03
847, 1.000000e-03
848, 1.000000e-03
849, 1.000000e-03
850, 1.000000e-03
851, 1.000000e-03
852, 1.000000e-03
853, 1.000000e-03
854, 1.000000e-03
855, 1.000000e-03
856, 1.000000e-03
857, 1.000000e-03
858, 1.000000e-03
859, 1.000000e-03
860, 1.000000e-03
861, 1.000000e-03
862, 1.000000e-03
863, 1.000000e-03
864, 1.000000e-03
865, 1.000000e-03
866, 1.000000e-03
867, 1.000000e-03
868, 1.000000e-03
869, 1.000000e-03
870, 1.000000e-03
871, 1.000000e-03
872, 1.000000e-03
873, 1.000000e-03
874, 1.000000e-03
875, 1.000000e-03
876, 1.000000e-03
877, 1.000000e-03
878, 1.000000e-03
879, 1.000000e-03
880, 1.000000e-03
881, 1.000000e-03
882, 1.000000e-03
883, 1.000000e-03
884, 1.000000e-03
885, 1.000000e-03
886, 1.000000e-03
887, 1.000000e-03
888, 1.000000e-03
889, 1.000000e-03
890, 1.000000e-03
891, 1.000000e-03
892, 1.000000e-03
893, 1.000000e-03
894, 1.000000e-03
895, 1.000000e-03
896, 1.000000e-03
897, 1.000000e-03
898, 1.000000e-03
899, 1.000000e-03
900, 1.000000e-03
901, 1.000000e-04
902, 1.000000e-04
903, 1.000000e-04
904, 1.000000e-04
905, 1.000000e-04
906, 1.000000e-04
907, 1.000000e-04
908, 1.000000e-04
909, 1.000000e-04
910, 1.000000e-04
911, 1.000000e-04
912, 1.000000e-04
913, 1.000000e-04
914, 1.000000e-04
915, 1.000000e-04
916, 1.000000e-04
917, 1.000000e-04
918, 1.000000e-04
919, 1.000000e-04
920, 1.000000e-04
921, 1.000000e-04
922, 1.000000e-04
923, 1.000000e-04
924, 1.000000e-04
925, 1.000000e-04
926, 1.000000e-04
927, 1.000000e-04
928, 1.000000e-04
929, 1.000000e-04
930, 1.000000e-04
931, 1.000000e-04
932, 1.000000e-04
933, 1.000000e-04
934, 1.000000e-04
935, 1.000000e-04
936, 1.000000e-04
937, 1.000000e-04
938, 1.000000e-04
939, 1.000000e-04
940, 1.000000e-04
941, 1.000000e-04
942, 1.000000e-04
943, 1.000000e-04
944, 1.000000e-04
945, 1.000000e-04
946, 1.000000e-04
947, 1.000000e-04
948, 1.000000e-04
949, 1.000000e-04
950, 1.000000e-04
951, 1.000000e-04
952, 1.000000e-04
953, 1.000000e-04
954, 1.000000e-04
955, 1.000000e-04
956, 1.000000e-04
957, 1.000000e-04
958, 1.000000e-04
959, 1.000000e-04
960, 1.000000e-04
961, 1.000000e-04
962, 1.000000e-04
963, 1.000000e-04
964, 1.000000e-04
965, 1.000000e-04
966, 1.000000e-04
967, 1.000000e-04
968, 1.000000e-04
969, 1.000000e-04
970, 1.000000e-04
971, 1.000000e-04
972, 1.000000e-04
973, 1.000000e-04
974, 1.000000e-04
975, 1.000000e-04
976, 1.000000e-04
977, 1.000000e-04
978, 1.000000e-04
979, 1.000000e-04
980, 1.000000e-04
981, 1.000000e-04
982, 1.000000e-04
983, 1.000000e-04
984, 1.000000e-04
985, 1.000000e-04
986, 1.000000e-04
987, 1.000000e-04
988, 1.000000e-04
989, 1.000000e-04
990, 1.000000e-04
991, 1.000000e-04
992, 1.000000e-04
993, 1.000000e-04
994, 1.000000e-04
995, 1.000000e-04
996, 1.000000e-04
997, 1.000000e-04
998, 1.000000e-04
999, 1.000000e-04
1000, 1.000000e-04
1001, 1.000000e-04
1002, 1.000000e-04
1003, 1.000000e-04
1004, 1.000000e-04
1005, 1.000000e-04
1006, 1.000000e-04
1007, 1.000000e-04
1008, 1.000000e-04
1009, 1.000000e-04
1010, 1.000000e-04
1011, 1.000000e-04
1012, 1.000000e-04
1013, 1.000000e-04
1014, 1.000000e-04
1015, 1.000000e-04
1016, 1.000000e-04
1017, 1.000000e-04
1018, 1.000000e-04
1019, 1.000000e-04
1020, 1.000000e-04
1021, 1.000000e-04
1022, 1.000000e-04
1023, 1.000000e-04
1024, 1.000000e-04
1025, 1.000000e-04
1026, 1.000000e-04
1027, 1.000000e-04
1028, 1.000000e-04
1029, 1.000000e-04
1030, 1.000000e-04
1031, 1.000000e-04
1032, 1.000000e-04
1033, 1.000000e-04
1034, 1.000000e-04
1035, 1.000000e-04
1036, 1.000000e-04
1037, 1.000000e-04
1038, 1.000000e-04
1039, 1.000000e-04
1040, 1.000000e-04
1041, 1.000000e-04
1042, 1.000000e-04
1043, 1.000000e-04
1044, 1.000000e-04
1045, 1.000000e-04
1046, 1.000000e-04
1047, 1.000000e-04
1048, 1.000000e-04
1049, 1.000000e-04
1050, 1.000000e-04
1051, 1.000000e-04
1052, 1.000000e-04
1053, 1.000000e-04
1054, 1.000000e-04
1055, 1.000000e-04
1056, 1.000000e-04
1057, 1.000000e-04
1058, 1.000000e-04
1059, 1.000000e-04
1060, 1.000000e-04
1061, 1.000000e-04
1062, 1.000000e-04
1063, 1.000000e-04
1064, 1.000000e-04
1065, 1.000000e-04
1066, 1.000000e-04
1067, 1.000000e-04
1068, 1.000000e-04
1069, 1.000000e-04
1070, 1.000000e-04
1071, 1.000000e-04
1072, 1.000000e-04
1073, 1.000000e-04
1074, 1.000000e-04
1075, 1.000000e-04
1076, 1.000000e-04
1077, 1.000000e-04
1078, 1.000000e-04
1079, 1.000000e-04
1080, 1.000000e-04
1081, 1.000000e-04
1082, 1.000000e-04
1083, 1.000000e-04
1084, 1.000000e-04
1085, 1.000000e-04
1086, 1.000000e-04
1087, 1.000000e-04
1088, 1.000000e-04
1089, 1.000000e-04
1090, 1.000000e-04
1091, 1.000000e-04
1092, 1.000000e-04
1093, 1.000000e-04
1094, 1.000000e-04
1095, 1.000000e-04
1096, 1.000000e-04
1097, 1.000000e-04
1098, 1.000000e-04
1099, 1.000000e-04
1100, 1.000000e-04
1101, 1.000000e-04
1102, 1.000000e-04
1103, 1.000000e-04
1104, 1.000000e-04
1105, 1.000000e-04
1106, 1.000000e-04
1107, 1.000000e-04
1108, 1.000000e-04
1109, 1.000000e-04
1110, 1.000000e-04
1111, 1.000000e-04
1112, 1.000000e-04
1113, 1.000000e-04
1114, 1.000000e-04
1115, 1.000000e-04
1116, 1.000000e-04
1117, 1.000000e-04
1118, 1.000000e-04
1119, 1.000000e-04
1120, 1.000000e-04
1121, 1.000000e-04
1122, 1.000000e-04
1123, 1.000000e-04
1124, 1.000000e-04
1125, 1.000000e-04
1126, 1.000000e-04
1127, 1.000000e-04
1128, 1.000000e-04
1129, 1.000000e-04
1130, 1.000000e-04
1131, 1.000000e-04
1132, 1.000000e-04
1133, 1.000000e-04
1134, 1.000000e-04
1135, 1.000000e-04
1136, 1.000000e-04
1137, 1.000000e-04
1138, 1.000000e-04
1139, 1.000000e-04
1140, 1.000000e-04
1141, 1.000000e-04
1142, 1.000000e-04
1143, 1.000000e-04
1144, 1.000000e-04
1145, 1.000000e-04
1146, 1.000000e-04
1147, 1.000000e-04
1148, 1.000000e-04
1149, 1.000000e-04
1150, 1.000000e-04
1151, 1.000000e-04
1152, 1.000000e-04
1153, 1.000000e-04
1154, 1.000000e-04
1155, 1.000000e-04
1156, 1.000000e-04
1157, 1.000000e-04
1158, 1.000000e-04
1159, 1.000000e-04
1160, 1.000000e-04
1161, 1.000000e-04
1162, 1.000000e-04
1163, 1.000000e-04
1164, 1.000000e-04
1165, 1.000000e-04
1166, 1.000000e-04
1167, 1.000000e-04
1168, 1.000000e-04
1169, 1.000000e-04
1170, 1.000000e-04
1171, 1.000000e-04
1172, 1.000000e-04
1173, 1.000000e-04
1174, 1.000000e-04
1175, 1.000000e-04
1176, 1.000000e-04
1177, 1.000000e-04
1178, 1.000000e-04
1179, 1.000000e-04
1180, 1.000000e-04
1181, 1.000000e-04
1182, 1.000000e-04
1183, 1.000000e-04
1184, 1.000000e-04
1185, 1.000000e-04
1186, 1.000000e-04
1187, 1.000000e-04
1188, 1.000000e-04
1189, 1.000000e-04
1190, 1.000000e-04
1191, 1.000000e-04
1192, 1.000000e-04
1193, 1.000000e-04
1194, 1.000000e-04
1195, 1.000000e-04
1196, 1.000000e-04
1197, 1.000000e-04
1198, 1.000000e-04
1199, 1.000000e-04
1200, 1.000000e-04
1201, 1.000000e-04
1202, 1.000000e-04
1203, 1.000000e-04
1204, 1.000000e-04
1205, 1.000000e-04
1206, 1.000000e-04
1207, 1.000000e-04
1208, 1.000000e-04
1209, 1.000000e-04
1210, 1.000000e-04
1211, 1.000000e-04
1212, 1.000000e-04
1213, 1.000000e-04
1214, 1.000000e-04
1215, 1.000000e-04
1216, 1.000000e-04
1217, 1.000000e-04
1218, 1.000000e-04
1219, 1.000000e-04
1220, 1.000000e-04
1221, 1.000000e-04
1222, 1.000000e-04
1223, 1.000000e-04
1224, 1.000000e-04
1225, 1.000000e-04
1226, 1.000000e-04
1227, 1.000000e-04
1228, 1.000000e-04
1229, 1.000000e-04
1230, 1.000000e-04
1231, 1.000000e-04
1232, 1.000000e-04
1233, 1.000000e-04
1234, 1.000000e-04
1235, 1.000000e-04
1236, 1.000000e-04
1237, 1.000000e-04
1238, 1.000000e-04
1239, 1.000000e-04
1240, 1.000000e-04
1241, 1.000000e-04
1242, 1.000000e-04
1243, 1.000000e-04
1244, 1.000000e-04
1245, 1.000000e-04
1246, 1.000000e-04
1247, 1.000000e-04
1248, 1.000000e-04
1249, 1.000000e-04
1250, 1.000000e-04
1251, 1.000000e-04
1252, 1.000000e-04
1253, 1.000000e-04
1254, 1.000000e-04
1255, 1.000000e-04
1256, 1.000000e-04
1257, 1.000000e-04
1258, 1.000000e-04
1259, 1.000000e-04
1260, 1.000000e-04
1261, 1.000000e-04
1262, 1.000000e-04
1263, 1.000000e-04
1264, 1.000000e-04
1265, 1.000000e-04
1266, 1.000000e-04
1267, 1.000000e-04
1268, 1.000000e-04
1269, 1.000000e-04
1270, 1.000000e-04
1271, 1.000000e-04
1272, 1.000000e-04
1273, 1.000000e-04
1274, 1.000000e-04
1275, 1.000000e-04
1276, 1.000000e-04
1277, 1.000000e-04
1278, 1.000000e-04
1279, 1.000000e-04
1280, 1.000000e-04
1281, 1.000000e-04
1282, 1.000000e-04
1283, 1.000000e-04
1284, 1.000000e-04
1285, 1.000000e-04
1286, 1.000000e-04
1287, 1.000000e-04
1288, 1.000000e-04
1289, 1.000000e-04
1290, 1.000000e-04
1291, 1.000000e-04
1292, 1.000000e-04
1293, 1.000000e-04
1294, 1.000000e-04
1295, 1.000000e-04
1296, 1.000000e-04
1297, 1.000000e-04
1298, 1.000000e-04
1299, 1.000000e-04
1300, 1.000000e-04
1301, 1.000000e-04
1302, 1.000000e-04
1303, 1.000000e-04
1304, 1.000000e-04
1305, 1.000000e-04
1306, 1.000000e-04
1307, 1.000000e-04
1308, 1.000000e-04
1309, 1.000000e-04
1310, 1.000000e-04
1311, 1.000000e-04
1312, 1.000000e-04
1313, 1.000000e-04
1314, 1.000000e-04
1315, 1.000000e-04
1316, 1.000000e-04
1317, 1.000000e-04
1318, 1.000000e-04
1319, 1.000000e-04
1320, 1.000000e-04
1321, 1.000000e-04
1322, 1.000000e-04
1323, 1.000000e-04
1324, 1.000000e-04
1325, 1.000000e-04
1326, 1.000000e-04
1327, 1.000000e-04
1328, 1.000000e-04
1329, 1.000000e-04
1330, 1.000000e-04
1331, 1.000000e-04
1332, 1.000000e-04
1333, 1.000000e-05
1334, 1.000000e-05
1335, 1.000000e-05
1336, 1.000000e-05
1337, 1.000000e-05
1338, 1.000000e-05
1339, 1.000000e-05
1340, 1.000000e-05
1341, 1.000000e-05
1342, 1.000000e-05
1343, 1.000000e-05
1344, 1.000000e-05
1345, 1.000000e-05
1346, 1.000000e-05
1347, 1.000000e-05
1348, 1.000000e-05
1349, 1.000000e-05
1350, 1.000000e-05
1351, 1.000000e-05
1352, 1.000000e-05
1353, 1.000000e-05
1354, 1.000000e-05
1355, 1.000000e-05
1356, 1.000000e-05
1357, 1.000000e-05
1358, 1.000000e-05
1359, 1.000000e-05
1360, 1.000000e-05
1361, 1.000000e-05
1362, 1.000000e-05
1363, 1.000000e-05
1364, 1.000000e-05
1365, 1.000000e-05
1366, 1.000000e-05
1367, 1.000000e-05
1368, 1.000000e-05
1369, 1.000000e-05
1370, 1.000000e-05
1371, 1.000000e-05
1372, 1.000000e-05
1373, 1.000000e-05
1374, 1.000000e-05
1375, 1.000000e-05
1376, 1.000000e-05
1377, 1.000000e-05
1378, 1.000000e-05
1379, 1.000000e-05
1380, 1.000000e-05
1381, 1.000000e-05
1382, 1.000000e-05
1383, 1.000000e-05
1384, 1.000000e-05
1385, 1.000000e-05
1386, 1.000000e-05
1387, 1.000000e-05
1388, 1.000000e-05
1389, 1.000000e-05
1390, 1.000000e-05
1391, 1.000000e-05
1392, 1.000000e-05
1393, 1.000000e-05
1394, 1.000000e-05
1395, 1.000000e-05
1396, 1.000000e-05
1397, 1.000000e-05
1398, 1.000000e-05
1399, 1.000000e-05
1400, 1.000000e-05
1401, 1.000000e-05
1402, 1.000000e-05
1403, 1.000000e-05
1404, 1.000000e-05
1405, 1.000000e-05
1406, 1.000000e-05
1407, 1.000000e-05
1408, 1.000000e-05
1409, 1.000000e-05
1410, 1.000000e-05
1411, 1.000000e-05
1412, 1.000000e-05
1413, 1.000000e-05
1414, 1.000000e-05
1415, 1.000000e-05
1416, 1.000000e-05
1417, 1.000000e-05
1418, 1.000000e-05
1419, 1.000000e-05
1420, 1.000000e-05
1421, 1.000000e-05
1422, 1.000000e-05
1423, 1.000000e-05
1424, 1.000000e-05
1425, 1.000000e-05
1426, 1.000000e-05
1427, 1.000000e-05
1428, 1.000000e-05
1429, 1.000000e-05
1430, 1.000000e-05
1431, 1.000000e-05
1432, 1.000000e-05
1433, 1.000000e-05
1434, 1.000000e-05
1435, 1.000000e-05
1436, 1.000000e-05
1437, 1.000000e-05
1438, 1.000000e-05
1439, 1.000000e-05
1440, 1.000000e-05
1441, 1.000000e-05
1442, 1.000000e-05
1443, 1.000000e-05
1444, 1.000000e-05
1445, 1.000000e-05
1446, 1.000000e-05
1447, 1.000000e-05
1448, 1.000000e-05
1449, 1.000000e-05
1450, 1.000000e-05
1451, 1.000000e-05
1452, 1.000000e-05
1453, 1.000000e-05
1454, 1.000000e-05
1455, 1.000000e-05
1456, 1.000000e-05
1457, 1.000000e-05
1458, 1.000000e-05
1459, 1.000000e-05
1460, 1.000000e-05
1461, 1.000000e-05
1462, 1.000000e-05
1463, 1.000000e-05
1464, 1.000000e-05
1465, 1.000000e-05
1466, 1.000000e-05
1467, 1.000000e-05
1468, 1.000000e-05
1469, 1.000000e-05
1470, 1.000000e-05
1471, 1.000000e-05
1472, 1.000000e-05
1473, 1.000000e-05
1474, 1.000000e-05
1475, 1.000000e-05
1476, 1.000000e-05
1477, 1.000000e-05
1478, 1.000000e-05
1479, 1.000000e-05
1480, 1.000000e-05
1481, 1.000000e-05
1482, 1.000000e-05
1483, 1.000000e-05
1484, 1.000000e-05
1485, 1.000000e-05
1486, 1.000000e-05
1487, 1.000000e-05
1488, 1.000000e-05
1489, 1.000000e-05
1490, 1.000000e-05
1491, 1.000000e-05
1492, 1.000000e-05
1493, 1.000000e-05
1494, 1.000000e-05
1495, 1.000000e-05
1496, 1.000000e-05
1497, 1.000000e-05
1498, 1.000000e-05
1499, 1.000000e-05
1500, 1.000000e-05
1501, 1.000000e-05
1502, 1.000000e-05
1503, 1.000000e-05
1504, 1.000000e-05
1505, 1.000000e-05
1506, 1.000000e-05
1507, 1.000000e-05
1508, 1.000000e-05
1509, 1.000000e-05
1510, 1.000000e-05
1511, 1.000000e-05
1512, 1.000000e-05
1513, 1.000000e-05
1514, 1.000000e-05
1515, 1.000000e-05
1516, 1.000000e-05
1517, 1.000000e-05
1518, 1.000000e-05
1519, 1.000000e-05
1520, 1.000000e-05
1521, 1.000000e-05
1522, 1.000000e-05
1523, 1.000000e-05
1524, 1.000000e-05
1525, 1.000000e-05
1526, 1.000000e-05
1527, 1.000000e-05
1528, 1.000000e-05
1529, 1.000000e-05
1530, 1.000000e-05
1531, 1.000000e-05
1532, 1.000000e-05
1533, 1.000000e-05
1534, 1.000000e-05
1535, 1.000000e-05
1536, 1.000000e-05
1537, 1.000000e-05
1538, 1.000000e-05
1539, 1.000000e-05
1540, 1.000000e-05
1541, 1.000000e-05
1542, 1.000000e-05
1543, 1.000000e-05
1544, 1.000000e-05
1545, 1.000000e-05
1546, 1.000000e-05
1547, 1.000000e-05
1548, 1.000000e-05
1549, 1.000000e-05
1550, 1.000000e-05
1551, 1.000000e-05
1552, 1.000000e-05
1553, 1.000000e-05
1554, 1.000000e-05
1555, 1.000000e-05
1556, 1.000000e-05
1557, 1.000000e-05
1558, 1.000000e-05
1559, 1.000000e-05
1560, 1.000000e-05
1561, 1.000000e-05
1562, 1.000000e-05
1563, 1.000000e-05
1564, 1.000000e-05
1565, 1.000000e-05
1566, 1.000000e-05
1567, 1.000000e-05
1568, 1.000000e-05
1569, 1.000000e-05
1570, 1.000000e-05
1571, 1.000000e-05
1572, 1.000000e-05
1573, 1.000000e-05
1574, 1.000000e-05
1575, 1.000000e-05
1576, 1.000000e-05
1577, 1.000000e-05
1578, 1.000000e-05
1579, 1.000000e-05
1580, 1.000000e-05
1581, 1.000000e-05
1582, 1.000000e-05
1583, 1.000000e-05
1584, 1.000000e-05
1585, 1.000000e-05
1586, 1.000000e-05
1587, 1.000000e-05
1588, 1.000000e-05
1589, 1.000000e-05
1590, 1.000000e-05
1591, 1.000000e-05
1592, 1.000000e-05
1593, 1.000000e-05
1594, 1.000000e-05
1595, 1.000000e-05
1596, 1.000000e-05
1597, 1.000000e-05
1598, 1.000000e-05
1599, 1.000000e-05
1600, 1.000000e-05
1601, 1.000000e-05
1602, 1.000000e-05
1603, 1.000000e-05
1604, 1.000000e-05
1605, 1.000000e-05
1606, 1.000000e-05
1607, 1.000000e-05
1608, 1.000000e-05
1609, 1.000000e-05
1610, 1.000000e-05
1611, 1.000000e-05
1612, 1.000000e-05
1613, 1.000000e-05
1614, 1.000000e-05
1615, 1.000000e-05
1616, 1.000000e-05
1617, 1.000000e-05
1618, 1.000000e-05
1619, 1.000000e-05
1620, 1.000000e-05
1621, 1.000000e-06
1622, 1.000000e-06
1623, 1.000000e-06
1624, 1.000000e-06
1625, 1.000000e-06
1626, 1.000000e-06
1627, 1.000000e-06
1628, 1.000000e-06
1629, 1.000000e-06
1630, 1.000000e-06
1631, 1.000000e-06
1632, 1.000000e-06
1633, 1.000000e-06
1634, 1.000000e-06
1635, 1.000000e-06
1636, 1.000000e-06
1637, 1.000000e-06
1638, 1.000000e-06
1639, 1.000000e-06
1640, 1.000000e-06
1641, 1.000000e-06
1642, 1.000000e-06
1643, 1.000000e-06
1644, 1.000000e-06
1645, 1.000000e-06
1646, 1.000000e-06
1647, 1.000000e-06
1648, 1.000000e-06
1649, 1.000000e-06
1650, 1.000000e-06
1651, 1.000000e-06
1652, 1.000000e-06
1653, 1.000000e-06
1654, 1.000000e-06
1655, 1.000000e-06
1656, 1.000000e-06
1657, 1.000000e-06
1658, 1.000000e-06
1659, 1.000000e-06
1660, 1.000000e-06
1661, 1.000000e-06
1662, 1.000000e-06
1663, 1.000000e-06
1664, 1.000000e-06
1665, 1.000000e-06
1666, 1.000000e-06
1667, 1.000000e-06
1668, 1.000000e-06
1669, 1.000000e-06
1670, 1.000000e-06
1671, 1.000000e-06
1672, 1.000000e-06
1673, 1.000000e-06
1674, 1.000000e-06
1675, 1.000000e-06
1676, 1.000000e-06
1677, 1.000000e-06
1678, 1.000000e-06
1679, 1.000000e-06
1680, 1.000000e-06
1681, 1.000000e-06
1682, 1.000000e-06
1683, 1.000000e-06
1684, 1.000000e-06
1685, 1.000000e-06
1686, 1.000000e-06
1687, 1.000000e-06
1688, 1.000000e-06
1689, 1.000000e-06
1690, 1.000000e-06
1691, 1.000000e-06
1692, 1.000000e-06
1693, 1.000000e-06
1694, 1.000000e-06
1695, 1.000000e-06
1696, 1.000000e-06
1697, 1.000000e-06
1698, 1.000000e-06
1699, 1.000000e-06
1700, 1.000000e-06
1701, 1.000000e-06
1702, 1.000000e-06
1703, 1.000000e-06
1704, 1.000000e-06
1705, 1.000000e-06
1706, 1.000000e-06
1707, 1.000000e-06
1708, 1.000000e-06
1709, 1.000000e-06
1710, 1.000000e-06
1711, 1.000000e-06
1712, 1.000000e-06
1713, 1.000000e-06
1714, 1.000000e-06
1715, 1.000000e-06
1716, 1.000000e-06
1717, 1.000000e-06
1718, 1.000000e-06
1719, 1.000000e-06
1720, 1.000000e-06
1721, 1.000000e-06
1722, 1.000000e-06
1723, 1.000000e-06
1724, 1.000000e-06
1725, 1.000000e-06
1726, 1.000000e-06
1727, 1.000000e-06
1728, 1.000000e-06
1729, 1.000000e-03
1730, 1.000000e-03
1731, 1.000000e-03
1732, 1.000000e-03
1733, 1.000000e-03
1734, 1.000000e-03
1735, 1.000000e-03
1736, 1.000000e-03
1737, 1.000000e-03
1738, 1.000000e-03
1739, 1.000000e-03
1740, 1.000000e-03
1741, 1.000000e-03
1742, 1.000000e-03
1743, 1.000000e-03
1744, 1.000000e-03
1745, 1.000000e-03
1746, 1.000000e-03
1747, 1.000000e-03
1748, 1.000000e-03
1749, 1.000000e-03
1750, 1.000000e-03
1751, 1.000000e-03
1752, 1.000000e-03
1753, 1.000000e-03
1754, 1.000000e-03
1755, 1.000000e-03
1756, 1.000000e-03
1757, 1.000000e-03
1758, 1.000000e-03
1759, 1.000000e-03
1760, 1.000000e-03
1761, 1.000000e-03
1762, 1.000000e-03
1763, 1.000000e-03
1764, 1.000000e-03
1765, 1.000000e-03
1766, 1.000000e-03
1767, 1.000000e-03
1768, 1.000000e-03
1769, 1.000000e-03
1770, 1.000000e-03
1771, 1.000000e-03
1772, 1.000000e-03
1773, 1.000000e-03
1774, 1.000000e-03
1775, 1.000000e-03
1776, 1.000000e-03
1777, 1.000000e-03
1778, 1.000000e-03
1779, 1.000000e-03
1780, 1.000000e-03
1781, 1.000000e-03
1782, 1.000000e-03
1783, 1.000000e-03
1784, 1.000000e-03
1785, 1.000000e-03
1786, 1.000000e-03
1787, 1.000000e-03
1788, 1.000000e-03
1789, 1.000000e-03
1790, 1.000000e-03
1791, 1.000000e-03
1792, 1.000000e-03
1793, 1.000000e-03
1794, 1.000000e-03
1795, 1.000000e-03
1796, 1.000000e-03
1797, 1.000000e-03
1798, 1.000000e-03
1799, 1.000000e-03
1800, 1.000000e-03
1801, 1.000000e-03
1802, 1.000000e-03
1803, 1.000000e-03
1804, 1.000000e-03
1805, 1.000000e-03
1806, 1.000000e-03
1807, 1.000000e-03
1808, 1.000000e-03
1809, 1.000000e-03
1810, 1.000000e-03
1811, 1.000000e-03
1812, 1.000000e-03
1813, 1.000000e-03
1814, 1.000000e-03
1815, 1.000000e-03
1816, 1.000000e-03
1817, 1.000000e-03
1818, 1.000000e-03
1819, 1.000000e-03
1820, 1.000000e-03
1821, 1.000000e-03
1822, 1.000000e-03
1823, 1.000000e-03
1824, 1.000000e-03
1825, 1.000000e-03
1826, 1.000000e-03
1827, 1.000000e-03
1828, 1.000000e-03
1829, 1.000000e-03
1830, 1.000000e-03
1831, 1.000000e-03
1832, 1.000000e-03
1833, 1.000000e-03
1834, 1.000000e-03
1835, 1.000000e-03
1836, 1.000000e-03
1837, 1.000000e-03
1838, 1.000000e-03
1839, 1.000000e-03
1840, 1.000000e-03
1841, 1.000000e-03
1842, 1.000000e-03
1843, 1.000000e-03
1844, 1.000000e-03
1845, 1.000000e-03
1846, 1.000000e-03
1847, 1.000000e-03
1848, 1.000000e-03
1849, 1.000000e-03
1850, 1.000000e-03
1851, 1.000000e-03
1852, 1.000000e-03
1853, 1.000000e-03
1854, 1.000000e-03
1855, 1.000000e-03
1856, 1.000000e-03
1857, 1.000000e-03
1858, 1.000000e-03
1859, 1.000000e-03
1860, 1.000000e-03
1861, 1.000000e-03
1862, 1.000000e-03
1863, 1.000000e-03
1864, 1.000000e-03
1865, 1.000000e-03
1866, 1.000000e-03
1867, 1.000000e-03
1868, 1.000000e-03
1869, 1.000000e-03
1870, 1.000000e-03
1871, 1.000000e-03
1872, 1.000000e-03
1873, 1.000000e-03
1874, 1.000000e-03
1875, 1.000000e-03
1876, 1.000000e-03
1877, 1.000000e-03
1878, 1.000000e-03
1879, 1.000000e-03
1880, 1.000000e-03
1881, 1.000000e-03
1882, 1.000000e-03
1883, 1.000000e-03
1884, 1.000000e-03
1885, 1.000000e-03
1886, 1.000000e-03
1887, 1.000000e-03
1888, 1.000000e-03
1889, 1.000000e-03
1890, 1.000000e-03
1891, 1.000000e-03
1892, 1.000000e-03
1893, 1.000000e-03
1894, 1.000000e-03
1895, 1.000000e-03
1896, 1.000000e-03
1897, 1.000000e-03
1898, 1.000000e-03
1899, 1.000000e-03
1900, 1.000000e-03
1901, 1.000000e-03
1902, 1.000000e-03
1903, 1.000000e-03
1904, 1.000000e-03
1905, 1.000000e-03
1906, 1.000000e-03
1907, 1.000000e-03
1908, 1.000000e-03
1909, 1.000000e-03
1910, 1.000000e-03
1911, 1.000000e-03
1912, 1.000000e-03
1913, 1.000000e-03
1914, 1.000000e-03
1915, 1.000000e-03
1916, 1.000000e-03
1917, 1.000000e-03
1918, 1.000000e-03
1919, 1.000000e-03
1920, 1.000000e-03
1921, 1.000000e-03
1922, 1.000000e-03
1923, 1.000000e-03
1924, 1.000000e-03
1925, 1.000000e-03
1926, 1.000000e-03
1927, 1.000000e-03
1928, 1.000000e-03
1929, 1.000000e-03
1930, 1.000000e-03
1931, 1.000000e-03
1932, 1.000000e-03
1933, 1.000000e-03
1934, 1.000000e-03
1935, 1.000000e-03
1936, 1.000000e-03
1937, 1.000000e-03
1938, 1.000000e-03
1939, 1.000000e-03
1940, 1.000000e-03
1941, 1.000000e-03
1942, 1.000000e-03
1943, 1.000000e-03
1944, 1.000000e-03
1945, 1.000000e-04
1946, 1.000000e-04
1947, 1.000000e-04
1948, 1.000000e-04
1949, 1.000000e-04
1950, 1.000000e-04
1951, 1.000000e-04
1952, 1.000000e-04
1953, 1.000000e-04
1954, 1.000000e-04
1955, 1.000000e-04
1956, 1.000000e-04
1957, 1.000000e-04
1958, 1.000000e-04
1959, 1.000000e-04
1960, 1.000000e-04
1961, 1.000000e-04
1962, 1.000000e-04
1963, 1.000000e-04
1964, 1.000000e-04
1965, 1.000000e-04
1966, 1.000000e-04
1967, 1.000000e-04
1968, 1.000000e-04
1969, 1.000000e-04
1970, 1.000000e-04
1971, 1.000000e-04
1972, 1.000000e-04
1973, 1.000000e-04
1974, 1.000000e-04
1975, 1.000000e-04
1976, 1.000000e-04
1977, 1.000000e-04
1978, 1.000000e-04
1979, 1.000000e-04
1980, 1.000000e-04
1981, 1.000000e-04
1982, 1.000000e-04
1983, 1.000000e-04
1984, 1.000000e-04
1985, 1.000000e-04
1986, 1.000000e-04
1987, 1.000000e-04
1988, 1.000000e-04
1989, 1.000000e-04
1990, 1.000000e-04
1991, 1.000000e-04
1992, 1.000000e-04
1993, 1.000000e-04
1994, 1.000000e-04
1995, 1.000000e-04
1996, 1.000000e-04
1997, 1.000000e-04
1998, 1.000000e-04
1999, 1.000000e-04
2000, 1.000000e-04
2001, 1.000000e-04
2002, 1.000000e-04
2003, 1.000000e-04
2004, 1.000000e-04
2005, 1.000000e-04
2006, 1.000000e-04
2007, 1.000000e-04
2008, 1.000000e-04
2009, 1.000000e-04
2010, 1.000000e-04
2011, 1.000000e-04
2012, 1.000000e-04
2013, 1.000000e-04
2014, 1.000000e-04
2015, 1.000000e-04
2016, 1.000000e-04
2017, 1.000000e-04
2018, 1.000000e-04
2019, 1.000000e-04
2020, 1.000000e-04
2021, 1.000000e-04
2022, 1.000000e-04
2023, 1.000000e-04
2024, 1.000000e-04
2025, 1.000000e-04
2026, 1.000000e-04
2027, 1.000000e-04
2028, 1.000000e-04
2029, 1.000000e-04
2030, 1.000000e-04
2031, 1.000000e-04
2032, 1.000000e-04
2033, 1.000000e-04
2034, 1.000000e-04
2035, 1.000000e-04
2036, 1.000000e-04
2037, 1.000000e-04
2038, 1.000000e-04
2039, 1.000000e-04
2040, 1.000000e-04
2041, 1.000000e-04
2042, 1.000000e-04
2043, 1.000000e-04
2044, 1.000000e-04
2045, 1.000000e-04
2046, 1.000000e-04
2047, 1.000000e-04
2048, 1.000000e-04
2049, 1.000000e-04
2050, 1.000000e-04
2051, 1.000000e-04
2052, 1.000000e-04
2053, 1.000000e-04
2054, 1.000000e-04
2055, 1.000000e-04
2056, 1.000000e-04
2057, 1.000000e-04
2058, 1.000000e-04
2059, 1.000000e-04
2060, 1.000000e-04
2061, 1.000000e-04
2062, 1.000000e-04
2063, 1.000000e-04
2064, 1.000000e-04
2065, 1.000000e-04
2066, 1.000000e-04
2067, 1.000000e-04
2068, 1.000000e-04
2069, 1.000000e-04
2070, 1.000000e-04
2071, 1.000000e-04
2072, 1.000000e-04
2073, 1.000000e-04
2074, 1.000000e-04
2075, 1.000000e-04
2076, 1.000000e-04
2077, 1.000000e-04
2078, 1.000000e-04
2079, 1.000000e-04
2080, 1.000000e-04
2081, 1.000000e-04
2082, 1.000000e-04
2083, 1.000000e-04
2084, 1.000000e-04
2085, 1.000000e-04
2086, 1.000000e-04
2087, 1.000000e-04
2088, 1.000000e-04
2089, 1.000000e-04
2090, 1.000000e-04
2091, 1.000000e-04
2092, 1.000000e-04
2093, 1.000000e-04
2094, 1.000000e-04
2095, 1.000000e-04
2096, 1.000000e-04
2097, 1.000000e-04
2098, 1.000000e-04
2099, 1.000000e-04
2100, 1.000000e-04
2101, 1.000000e-04
2102, 1.000000e-04
2103, 1.000000e-04
2104, 1.000000e-04
2105, 1.000000e-04
2106, 1.000000e-04
2107, 1.000000e-04
2108, 1.000000e-04
2109, 1.000000e-04
2110, 1.000000e-04
2111, 1.000000e-04
2112, 1.000000e-04
2113, 1.000000e-04
2114, 1.000000e-04
2115, 1.000000e-04
2116, 1.000000e-04
2117, 1.000000e-04
2118, 1.000000e-04
2119, 1.000000e-04
2120, 1.000000e-04
2121, 1.000000e-04
2122, 1.000000e-04
2123, 1.000000e-04
2124, 1.000000e-04
2125, 1.000000e-05
2126, 1.000000e-05
2127, 1.000000e-05
2128, 1.000000e-05
2129, 1.000000e-05
2130, 1.000000e-05
2131, 1.000000e-05
2132, 1.000000e-05
2133, 1.000000e-05
2134, 1.000000e-05
2135, 1.000000e-05
2136, 1.000000e-05
2137, 1.000000e-05
2138, 1.000000e-05
2139, 1.000000e-05
2140, 1.000000e-05
2141, 1.000000e-05
2142, 1.000000e-05
2143, 1.000000e-05
2144, 1.000000e-05
2145, 1.000000e-05
2146, 1.000000e-05
2147, 1.000000e-05
2148, 1.000000e-05
2149, 1.000000e-05
2150, 1.000000e-05
2151, 1.000000e-05
2152, 1.000000e-05
2153, 1.000000e-05
2154, 1.000000e-05
2155, 1.000000e-05
2156, 1.000000e-05
2157, 1.000000e-05
2158, 1.000000e-05
2159, 1.000000e-05
2160, 1.000000e-05
2161, 1.000000e-05
2162, 1.000000e-05
2163, 1.000000e-05
2164, 1.000000e-05
2165, 1.000000e-05
2166, 1.000000e-05
2167, 1.000000e-05
2168, 1.000000e-05
2169, 1.000000e-05
2170, 1.000000e-05
2171, 1.000000e-05
2172, 1.000000e-05
2173, 1.000000e-05
2174, 1.000000e-05
2175, 1.000000e-05
2176, 1.000000e-05
2177, 1.000000e-05
2178, 1.000000e-05
2179, 1.000000e-05
2180, 1.000000e-05
2181, 1.000000e-05
2182, 1.000000e-05
2183, 1.000000e-05
2184, 1.000000e-05
2185, 1.000000e-05
2186, 1.000000e-05
2187, 1.000000e-05
2188, 1.000000e-05
2189, 1.000000e-05
2190, 1.000000e-05
2191, 1.000000e-05
2192, 1.000000e-05
2193, 1.000000e-05
2194, 1.000000e-05
2195, 1.000000e-05
2196, 1.000000e-05
2197, 1.000000e-05
2198, 1.000000e-05
2199, 1.000000e-05
2200, 1.000000e-05
2201, 1.000000e-05
2202, 1.000000e-05
2203, 1.000000e-05
2204, 1.000000e-05
2205, 1.000000e-05
2206, 1.000000e-05
2207, 1.000000e-05
2208, 1.000000e-05
2209, 1.000000e-05
2210, 1.000000e-05
2211, 1.000000e-05
2212, 1.000000e-05
2213, 1.000000e-05
2214, 1.000000e-05
2215, 1.000000e-05
2216, 1.000000e-05
2217, 1.000000e-05
2218, 1.000000e-05
2219, 1.000000e-05
2220, 1.000000e-05
2221, 1.000000e-05
2222, 1.000000e-05
2223, 1.000000e-05
2224, 1.000000e-05
2225, 1.000000e-05
2226, 1.000000e-05
2227, 1.000000e-05
2228, 1.000000e-05
2229, 1.000000e-05
2230, 1.000000e-05
2231, 1.000000e-05
2232, 1.000000e-05
2233, 1.000000e-05
2234, 1.000000e-05
2235, 1.000000e-05
2236, 1.000000e-05
2237, 1.000000e-05
2238, 1.000000e-05
2239, 1.000000e-05
2240, 1.000000e-05
2241, 1.000000e-05
2242, 1.000000e-05
2243, 1.000000e-05
2244, 1.000000e-05
2245, 1.000000e-05
2246, 1.000000e-05
2247, 1.000000e-05
2248, 1.000000e-05
2249, 1.000000e-05
2250, 1.000000e-05
2251, 1.000000e-05
2252, 1.000000e-05
2253, 1.000000e-05
2254, 1.000000e-05
2255, 1.000000e-05
2256, 1.000000e-05
2257, 1.000000e-05
2258, 1.000000e-05
2259, 1.000000e-05
2260, 1.000000e-05
2261, 1.000000e-05
2262, 1.000000e-05
2263, 1.000000e-05
2264, 1.000000e-05
2265, 1.000000e-05
2266, 1.000000e-05
2267, 1.000000e-05
2268, 1.000000e-05
2269, 1.000000e-05
2270, 1.000000e-05
2271, 1.000000e-05
2272, 1.000000e-05
2273, 1.000000e-05
2274, 1.000000e-05
2275, 1.000000e-05
2276, 1.000000e-05
2277, 1.000000e-05
2278, 1.000000e-05
2279, 1.000000e-05
2280, 1.000000e-05
2281, 1.000000e-05
2282, 1.000000e-05
2283, 1.000000e-05
2284, 1.000000e-05
2285, 1.000000e-05
2286, 1.000000e-05
2287, 1.000000e-05
2288, 1.000000e-05
2289, 1.000000e-05
2290, 1.000000e-05
2291, 1.000000e-05
2292, 1.000000e-05
2293, 1.000000e-05
2294, 1.000000e-05
2295, 1.000000e-05
2296, 1.000000e-05
2297, 1.000000e-05
2298, 1.000000e-05
2299, 1.000000e-05
2300, 1.000000e-05
2301, 1.000000e-05
2302, 1.000000e-05
2303, 1.000000e-05
2304, 1.000000e-05
2305, 1.000000e-05
2306, 1.000000e-05
2307, 1.000000e-05
2308, 1.000000e-05
2309, 1.000000e-05
2310, 1.000000e-05
2311, 1.000000e-05
2312, 1.000000e-05
2313, 1.000000e-05
2314, 1.000000e-05
2315, 1.000000e-05
2316, 1.000000e-05
2317, 1.000000e-05
2318, 1.000000e-05
2319, 1.000000e-05
2320, 1.000000e-05
2321, 1.000000e-05
2322, 1.000000e-05
2323, 1.000000e-05
2324, 1.000000e-05
2325, 1.000000e-05
2326, 1.000000e-05
2327, 1.000000e-05
2328, 1.000000e-05
2329, 1.000000e-05
2330, 1.000000e-05
2331, 1.000000e-05
2332, 1.000000e-05
2333, 1.000000e-05
2334, 1.000000e-05
2335, 1.000000e-05
2336, 1.000000e-05
2337, 1.000000e-05
2338, 1.000000e-05
2339, 1.000000e-05
2340, 1.000000e-05
2341, 1.000000e-05
2342, 1.000000e-05
2343, 1.000000e-05
2344, 1.000000e-05
2345, 1.000000e-05
2346, 1.000000e-05
2347, 1.000000e-05
2348, 1.000000e-05
2349, 1.000000e-05
2350, 1.000000e-05
2351, 1.000000e-05
2352, 1.000000e-05
2353, 1.000000e-05
2354, 1.000000e-05
2355, 1.000000e-05
2356, 1.000000e-05
2357, 1.000000e-05
2358, 1.000000e-05
2359, 1.000000e-05
2360, 1.000000e-05
2361, 1.000000e-05
2362, 1.000000e-05
2363, 1.000000e-05
2364, 1.000000e-05
2365, 1.000000e-05
2366, 1.000000e-05
2367, 1.000000e-05
2368, 1.000000e-05
2369, 1.000000e-05
2370, 1.000000e-05
2371, 1.000000e-05
2372, 1.000000e-05
2373, 1.000000e-05
2374, 1.000000e-05
2375, 1.000000e-05
2376, 1.000000e-05
2377, 1.000000e-05
2378, 1.000000e-05
2379, 1.000000e-05
2380, 1.000000e-05
2381, 1.000000e-05
2382, 1.000000e-05
2383, 1.000000e-05
2384, 1.000000e-05
2385, 1.000000e-05
2386, 1.000000e-05
2387, 1.000000e-05
2388, 1.000000e-05
2389, 1.000000e-05
2390, 1.000000e-05
2391, 1.000000e-05
2392, 1.000000e-05
2393, 1.000000e-05
2394, 1.000000e-05
2395, 1.000000e-05
2396, 1.000000e-05
2397, 1.000000e-05
2398, 1.000000e-05
2399, 1.000000e-05
2400, 1.000000e-05
2401, 1.000000e-05
2402, 1.000000e-05
2403, 1.000000e-05
2404, 1.000000e-05
2405, 1.000000e-05
2406, 1.000000e-05
2407, 1.000000e-05
2408, 1.000000e-05
2409, 1.000000e-05
2410, 1.000000e-05
2411, 1.000000e-05
2412, 1.000000e-05
2413, 1.000000e-06
2414, 1.000000e-06
2415, 1.000000e-06
2416, 1.000000e-06
2417, 1.000000e-06
2418, 1.000000e-06
2419, 1.000000e-06
2420, 1.000000e-06
2421, 1.000000e-06
2422, 1.000000e-06
2423, 1.000000e-06
2424, 1.000000e-06
2425, 1.000000e-06
2426, 1.000000e-06
2427, 1.000000e-06
2428, 1.000000e-06
2429, 1.000000e-06
2430, 1.000000e-06
2431, 1.000000e-06
2432, 1.000000e-06
2433, 1.000000e-06
2434, 1.000000e-06
2435, 1.000000e-06
2436, 1.000000e-06
2437, 1.000000e-06
2438, 1.000000e-06
2439, 1.000000e-06
2440, 1.000000e-06
2441, 1.000000e-06
2442, 1.000000e-06
2443, 1.000000e-06
2444, 1.000000e-06
2445, 1.000000e-06
2446, 1.000000e-06
2447, 1.000000e-06
2448, 1.000000e-06
2449, 1.000000e-06
2450, 1.000000e-06
2451, 1.000000e-06
2452, 1.000000e-06
2453, 1.000000e-06
2454, 1.000000e-06
2455, 1.000000e-06
2456, 1.000000e-06
2457, 1.000000e-06
2458, 1.000000e-06
2459, 1.000000e-06
2460, 1.000000e-06
2461, 1.000000e-06
2462, 1.000000e-06
2463, 1.000000e-06
2464, 1.000000e-06
2465, 1.000000e-06
2466, 1.000000e-06
2467, 1.000000e-06
2468, 1.000000e-06
2469, 1.000000e-06
2470, 1.000000e-06
2471, 1.000000e-06
2472, 1.000000e-06
2473, 1.000000e-06
2474, 1.000000e-06
2475, 1.000000e-06
2476, 1.000000e-06
2477, 1.000000e-06
2478, 1.000000e-06
2479, 1.000000e-06
2480, 1.000000e-06
2481, 1.000000e-06
2482, 1.000000e-06
2483, 1.000000e-06
2484, 1.000000e-06
2485, 1.000000e-06
2486, 1.000000e-06
2487, 1.000000e-06
2488, 1.000000e-06
2489, 1.000000e-06
2490, 1.000000e-06
2491, 1.000000e-06
2492, 1.000000e-06
2493, 1.000000e-06
2494, 1.000000e-06
2495, 1.000000e-06
2496, 1.000000e-06
2497, 1.000000e-06
2498, 1.000000e-06
2499, 1.000000e-06
2500, 1.000000e-06
2501, 1.000000e-06
2502, 1.000000e-06
2503, 1.000000e-06
2504, 1.000000e-06
2505, 1.000000e-06
2506, 1.000000e-06
2507, 1.000000e-06
2508, 1.000000e-06
2509, 1.000000e-06
2510, 1.000000e-06
2511, 1.000000e-06
2512, 1.000000e-06
2513, 1.000000e-06
2514, 1.000000e-06
2515, 1.000000e-06
2516, 1.000000e-06
2517, 1.000000e-06
2518, 1.000000e-06
2519, 1.000000e-06
2520, 1.000000e-06
2521, 1.000000e-06
2522, 1.000000e-06
2523, 1.000000e-06
2524, 1.000000e-06
2525, 1.000000e-06
2526, 1.000000e-06
2527, 1.000000e-06
2528, 1.000000e-06
2529, 1.000000e-06
2530, 1.000000e-06
2531, 1.000000e-06
2532, 1.000000e-06
2533, 1.000000e-06
2534, 1.000000e-06
2535, 1.000000e-06
2536, 1.000000e-06
2537, 1.000000e-06
2538, 1.000000e-06
2539, 1.000000e-06
2540, 1.000000e-06
2541, 1.000000e-06
2542, 1.000000e-06
2543, 1.000000e-06
2544, 1.000000e-06
2545, 1.000000e-06
2546, 1.000000e-06
2547, 1.000000e-06
2548, 1.000000e-06
2549, 1.000000e-06
2550, 1.000000e-06
2551, 1.000000e-06
2552, 1.000000e-06
2553, 1.000000e-06
2554, 1.000000e-06
2555, 1.000000e-06
2556, 1.000000e-06
2557, 1.000000e-03
2558, 1.000000e-03
2559, 1.000000e-03
2560, 1.000000e-03
2561, 1.000000e-03
2562, 1.000000e-03
2563, 1.000000e-03
2564, 1.000000e-03
2565, 1.000000e-03
2566, 1.000000e-03
2567, 1.000000e-03
2568, 1.000000e-03
2569, 1.000000e-03
2570, 1.000000e-03
2571, 1.000000e-03
2572, 1.000000e-03
2573, 1.000000e-03
2574, 1.000000e-03
2575, 1.000000e-03
2576, 1.000000e-03
2577, 1.000000e-03
2578, 1.000000e-03
2579, 1.000000e-03
2580, 1.000000e-03
2581, 1.000000e-03
2582, 1.000000e-03
2583, 1.000000e-03
2584, 1.000000e-03
2585, 1.000000e-03
2586, 1.000000e-03
2587, 1.000000e-03
2588, 1.000000e-03
2589, 1.000000e-03
2590, 1.000000e-03
2591, 1.000000e-03
2592, 1.000000e-03
2593, 1.000000e-03
2594, 1.000000e-03
2595, 1.000000e-03
2596, 1.000000e-03
2597, 1.000000e-03
2598, 1.000000e-03
2599, 1.000000e-03
2600, 1.000000e-03
2601, 1.000000e-03
2602, 1.000000e-03
2603, 1.000000e-03
2604, 1.000000e-03
2605, 1.000000e-03
2606, 1.000000e-03
2607, 1.000000e-03
2608, 1.000000e-03
2609, 1.000000e-03
2610, 1.000000e-03
2611, 1.000000e-03
2612, 1.000000e-03
2613, 1.000000e-03
2614, 1.000000e-03
2615, 1.000000e-03
2616, 1.000000e-03
2617, 1.000000e-03
2618, 1.000000e-03
2619, 1.000000e-03
2620, 1.000000e-03
2621, 1.000000e-03
2622, 1.000000e-03
2623, 1.000000e-03
2624, 1.000000e-03
2625, 1.000000e-03
2626, 1.000000e-03
2627, 1.000000e-03
2628, 1.000000e-03
2629, 1.000000e-03
2630, 1.000000e-03
2631, 1.000000e-03
2632, 1.000000e-03
2633, 1.000000e-03
2634, 1.000000e-03
2635, 1.000000e-03
2636, 1.000000e-03
2637, 1.000000e-03
2638, 1.000000e-03
2639, 1.000000e-03
2640, 1.000000e-03
2641, 1.000000e-03
2642, 1.000000e-03
2643, 1.000000e-03
2644, 1.000000e-03
2645, 1.000000e-03
2646, 1.000000e-03
2647, 1.000000e-03
2648, 1.000000e-03
2649, 1.000000e-03
2650, 1.000000e-03
2651, 1.000000e-03
2652, 1.000000e-03
2653, 1.000000e-03
2654, 1.000000e-03
2655, 1.000000e-03
2656, 1.000000e-03
2657, 1.000000e-03
2658, 1.000000e-03
2659, 1.000000e-03
2660, 1.000000e-03
2661, 1.000000e-03
2662, 1.000000e-03
2663, 1.000000e-03
2664, 1.000000e-03
2665, 1.000000e-03
2666, 1.000000e-03
2667, 1.000000e-03
2668, 1.000000e-03
2669, 1.000000e-03
2670, 1.000000e-03
2671, 1.000000e-03
2672, 1.000000e-03
2673, 1.000000e-03
2674, 1.000000e-03
2675, 1.000000e-03
2676, 1.000000e-03
2677, 1.000000e-03
2678, 1.000000e-03
2679, 1.000000e-03
2680, 1.000000e-03
2681, 1.000000e-03
2682, 1.000000e-03
2683, 1.000000e-03
2684, 1.000000e-03
2685, 1.000000e-03
2686, 1.000000e-03
2687, 1.000000e-03
2688, 1.000000e-03
2689, 1.000000e-03
2690, 1.000000e-03
2691, 1.000000e-03
2692, 1.000000e-03
2693, 1.000000e-03
2694, 1.000000e-03
2695, 1.000000e-03
2696, 1.000000e-03
2697, 1.000000e-03
2698, 1.000000e-03
2699, 1.000000e-03
2700, 1.000000e-03
2701, 1.000000e-03
2702, 1.000000e-03
2703, 1.000000e-03
2704, 1.000000e-03
2705, 1.000000e-03
2706, 1.000000e-03
2707, 1.000000e-03
2708, 1.000000e-03
2709, 1.000000e-03
2710, 1.000000e-03
2711, 1.000000e-03
2712, 1.000000e-03
2713, 1.000000e-03
2714, 1.000000e-03
2715, 1.000000e-03
2716, 1.000000e-03
2717, 1.000000e-03
2718, 1.000000e-03
2719, 1.000000e-03
2720, 1.000000e-03
2721, 1.000000e-03
2722, 1.000000e-03
2723, 1.000000e-03
2724, 1.000000e-03
2725, 1.000000e-03
2726, 1.000000e-03
2727, 1.000000e-03
2728, 1.000000e-03
2729, 1.000000e-03
2730, 1.000000e-03
2731, 1.000000e-03
2732, 1.000000e-03
2733, 1.000000e-03
2734, 1.000000e-03
2735, 1.000000e-03
2736, 1.000000e-03
2737, 1.000000e-03
2738, 1.000000e-03
2739, 1.000000e-03
2740, 1.000000e-03
2741, 1.000000e-03
2742, 1.000000e-03
2743, 1.000000e-03
2744, 1.000000e-03
2745, 1.000000e-03
2746, 1.000000e-03
2747, 1.000000e-03
2748, 1.000000e-03
2749, 1.000000e-03
2750, 1.000000e-03
2751, 1.000000e-03
2752, 1.000000e-03
2753, 1.000000e-03
2754, 1.000000e-03
2755, 1.000000e-03
2756, 1.000000e-03
2757, 1.000000e-03
2758, 1.000000e-03
2759, 1.000000e-03
2760, 1.000000e-03
2761, 1.000000e-03
2762, 1.000000e-03
2763, 1.000000e-03
2764, 1.000000e-03
2765, 1.000000e-03
2766, 1.000000e-03
2767, 1.000000e-03
2768, 1.000000e-03
2769, 1.000000e-03
2770, 1.000000e-03
2771, 1.000000e-03
2772, 1.000000e-03
2773, 1.000000e-03
2774, 1.000000e-03
2775, 1.000000e-03
2776, 1.000000e-03
2777, 1.000000e-03
2778, 1.000000e-03
2779, 1.000000e-03
2780, 1.000000e-03
2781, 1.000000e-03
2782, 1.000000e-03
2783, 1.000000e-03
2784, 1.000000e-03
2785, 1.000000e-03
2786, 1.000000e-03
2787, 1.000000e-03
2788, 1.000000e-03
2789, 1.000000e-03
2790, 1.000000e-03
2791, 1.000000e-03
2792, 1.000000e-03
2793, 1.000000e-03
2794, 1.000000e-03
2795, 1.000000e-03
2796, 1.000000e-03
2797, 1.000000e-03
2798, 1.000000e-03
2799, 1.000000e-03
2800, 1.000000e-03
2801, 1.000000e-03
2802, 1.000000e-03
2803, 1.000000e-03
2804, 1.000000e-03
2805, 1.000000e-03
2806, 1.000000e-03
2807, 1.000000e-03
2808, 1.000000e-03
2809, 1.000000e-03
2810, 1.000000e-03
2811, 1.000000e-03
2812, 1.000000e-03
2813, 1.000000e-03
2814, 1.000000e-03
2815, 1.000000e-03
2816, 1.000000e-03
2817, 1.000000e-03
2818, 1.000000e-03
2819, 1.000000e-03
2820, 1.000000e-03
2821, 1.000000e-03
2822, 1.000000e-03
2823, 1.000000e-03
2824, 1.000000e-03
2825, 1.000000e-03
2826, 1.000000e-03
2827, 1.000000e-03
2828, 1.000000e-03
2829, 1.000000e-03
2830, 1.000000e-03
2831, 1.000000e-03
2832, 1.000000e-03
2833, 1.000000e-03
2834, 1.000000e-03
2835, 1.000000e-03
2836, 1.000000e-03
2837, 1.000000e-03
2838, 1.000000e-03
2839, 1.000000e-03
2840, 1.000000e-03
2841, 1.000000e-03
2842, 1.000000e-03
2843, 1.000000e-03
2844, 1.000000e-03
2845, 1.000000e-04
2846, 1.000000e-04
2847, 1.000000e-04
2848, 1.000000e-04
2849, 1.000000e-04
2850, 1.000000e-04
2851, 1.000000e-04
2852, 1.000000e-04
2853, 1.000000e-04
2854, 1.000000e-04
2855, 1.000000e-04
2856, 1.000000e-04
2857, 1.000000e-04
2858, 1.000000e-04
2859, 1.000000e-04
2860, 1.000000e-04
2861, 1.000000e-04
2862, 1.000000e-04
2863, 1.000000e-04
2864, 1.000000e-04
2865, 1.000000e-04
2866, 1.000000e-04
2867, 1.000000e-04
2868, 1.000000e-04
2869, 1.000000e-04
2870, 1.000000e-04
2871, 1.000000e-04
2872, 1.000000e-04
2873, 1.000000e-04
2874, 1.000000e-04
2875, 1.000000e-04
2876, 1.000000e-04
2877, 1.000000e-04
2878, 1.000000e-04
2879, 1.000000e-04
2880, 1.000000e-04
2881, 1.000000e-04
2882, 1.000000e-04
2883, 1.000000e-04
2884, 1.000000e-04
2885, 1.000000e-04
2886, 1.000000e-04
2887, 1.000000e-04
2888, 1.000000e-04
2889, 1.000000e-04
2890, 1.000000e-04
2891, 1.000000e-04
2892, 1.000000e-04
2893, 1.000000e-04
2894, 1.000000e-04
2895, 1.000000e-04
2896, 1.000000e-04
2897, 1.000000e-04
2898, 1.000000e-04
2899, 1.000000e-04
2900, 1.000000e-04
2901, 1.000000e-04
2902, 1.000000e-04
2903, 1.000000e-04
2904, 1.000000e-04
2905, 1.000000e-04
2906, 1.000000e-04
2907, 1.000000e-04
2908, 1.000000e-04
2909, 1.000000e-04
2910, 1.000000e-04
2911, 1.000000e-04
2912, 1.000000e-04
2913, 1.000000e-04
2914, 1.000000e-04
2915, 1.000000e-04
2916, 1.000000e-04
2917, 1.000000e-04
2918, 1.000000e-04
2919, 1.000000e-04
2920, 1.000000e-04
2921, 1.000000e-04
2922, 1.000000e-04
2923, 1.000000e-04
2924, 1.000000e-04
2925, 1.000000e-04
2926, 1.000000e-04
2927, 1.000000e-04
2928, 1.000000e-04
2929, 1.000000e-04
2930, 1.000000e-04
2931, 1.000000e-04
2932, 1.000000e-04
2933, 1.000000e-04
2934, 1.000000e-04
2935, 1.000000e-04
2936, 1.000000e-04
2937, 1.000000e-04
2938, 1.000000e-04
2939, 1.000000e-04
2940, 1.000000e-04
2941, 1.000000e-04
2942, 1.000000e-04
2943, 1.000000e-04
2944, 1.000000e-04
2945, 1.000000e-04
2946, 1.000000e-04
2947, 1.000000e-04
2948, 1.000000e-04
2949, 1.000000e-04
2950, 1.000000e-04
2951, 1.000000e-04
2952, 1.000000e-04
2953, 1.000000e-04
2954, 1.000000e-04
2955, 1.000000e-04
2956, 1.000000e-04
2957, 1.000000e-04
2958, 1.000000e-04
2959, 1.000000e-04
2960, 1.000000e-04
2961, 1.000000e-04
2962, 1.000000e-04
2963, 1.000000e-04
2964, 1.000000e-04
2965, 1.000000e-04
2966, 1.000000e-04
2967, 1.000000e-04
2968, 1.000000e-04
2969, 1.000000e-04
2970, 1.000000e-04
2971, 1.000000e-04
2972, 1.000000e-04
2973, 1.000000e-04
2974, 1.000000e-04
2975, 1.000000e-04
2976, 1.000000e-04
2977, 1.000000e-04
2978, 1.000000e-04
2979, 1.000000e-04
2980, 1.000000e-04
2981, 1.000000e-04
2982, 1.000000e-04
2983, 1.000000e-04
2984, 1.000000e-04
2985, 1.000000e-04
2986, 1.000000e-04
2987, 1.000000e-04
2988, 1.000000e-04
2989, 1.000000e-04
2990, 1.000000e-04
2991, 1.000000e-04
2992, 1.000000e-04
2993, 1.000000e-04
2994, 1.000000e-04
2995, 1.000000e-04
2996, 1.000000e-04
2997, 1.000000e-04
2998, 1.000000e-04
2999, 1.000000e-04
3000, 1.000000e-04
3001, 1.000000e-04
3002, 1.000000e-04
3003, 1.000000e-04
3004, 1.000000e-04
3005, 1.000000e-04
3006, 1.000000e-04
3007, 1.000000e-04
3008, 1.000000e-04
3009, 1.000000e-04
3010, 1.000000e-04
3011, 1.000000e-04
3012, 1.000000e-04
3013, 1.000000e-04
3014, 1.000000e-04
3015, 1.000000e-04
3016, 1.000000e-04
3017, 1.000000e-04
3018, 1.000000e-04
3019, 1.000000e-04
3020, 1.000000e-04
3021, 1.000000e-04
3022, 1.000000e-04
3023, 1.000000e-04
3024, 1.000000e-04
3025, 1.000000e-04
3026, 1.000000e-04
3027, 1.000000e-04
3028, 1.000000e-04
3029, 1.000000e-04
3030, 1.000000e-04
3031, 1.000000e-04
3032, 1.000000e-04
3033, 1.000000e-04
3034, 1.000000e-04
3035, 1.000000e-04
3036, 1.000000e-04
3037, 1.000000e-04
3038, 1.000000e-04
3039, 1.000000e-04
3040, 1.000000e-04
3041, 1.000000e-04
3042, 1.000000e-04
3043, 1.000000e-04
3044, 1.000000e-04
3045, 1.000000e-04
3046, 1.000000e-04
3047, 1.000000e-04
3048, 1.000000e-04
3049, 1.000000e-04
3050, 1.000000e-04
3051, 1.000000e-04
3052, 1.000000e-04
3053, 1.000000e-04
3054, 1.000000e-04
3055, 1.000000e-04
3056, 1.000000e-04
3057, 1.000000e-04
3058, 1.000000e-04
3059, 1.000000e-04
3060, 1.000000e-04
3061, 1.000000e-05
3062, 1.000000e-05
3063, 1.000000e-05
3064, 1.000000e-05
3065, 1.000000e-05
3066, 1.000000e-05
3067, 1.000000e-05
3068, 1.000000e-05
3069, 1.000000e-05
3070, 1.000000e-05
3071, 1.000000e-05
3072, 1.000000e-05
3073, 1.000000e-05
3074, 1.000000e-05
3075, 1.000000e-05
3076, 1.000000e-05
3077, 1.000000e-05
3078, 1.000000e-05
3079, 1.000000e-05
3080, 1.000000e-05
3081, 1.000000e-05
3082, 1.000000e-05
3083, 1.000000e-05
3084, 1.000000e-05
3085, 1.000000e-05
3086, 1.000000e-05
3087, 1.000000e-05
3088, 1.000000e-05
3089, 1.000000e-05
3090, 1.000000e-05
3091, 1.000000e-05
3092, 1.000000e-05
3093, 1.000000e-05
3094, 1.000000e-05
3095, 1.000000e-05
3096, 1.000000e-05
3097, 1.000000e-05
3098, 1.000000e-05
3099, 1.000000e-05
3100, 1.000000e-05
3101, 1.000000e-05
3102, 1.000000e-05
3103, 1.000000e-05
3104, 1.000000e-05
3105, 1.000000e-05
3106, 1.000000e-05
3107, 1.000000e-05
3108, 1.000000e-05
3109, 1.000000e-05
3110, 1.000000e-05
3111, 1.000000e-05
3112, 1.000000e-05
3113, 1.000000e-05
3114, 1.000000e-05
3115, 1.000000e-05
3116, 1.000000e-05
3117, 1.000000e-05
3118, 1.000000e-05
3119, 1.000000e-05
3120, 1.000000e-05
3121, 1.000000e-05
3122, 1.000000e-05
3123, 1.000000e-05
3124, 1.000000e-05
3125, 1.000000e-05
3126, 1.000000e-05
3127, 1.000000e-05
3128, 1.000000e-05
3129, 1.000000e-05
3130, 1.000000e-05
3131, 1.000000e-05
3132, 1.000000e-05
3133, 1.000000e-05
3134, 1.000000e-05
3135, 1.000000e-05
3136, 1.000000e-05
3137, 1.000000e-05
3138, 1.000000e-05
3139, 1.000000e-05
3140, 1.000000e-05
3141, 1.000000e-05
3142, 1.000000e-05
3143, 1.000000e-05
3144, 1.000000e-05
3145, 1.000000e-05
3146, 1.000000e-05
3147, 1.000000e-05
3148, 1.000000e-05
3149, 1.000000e-05
3150, 1.000000e-05
3151, 1.000000e-05
3152, 1.000000e-05
3153, 1.000000e-05
3154, 1.000000e-05
3155, 1.000000e-05
3156, 1.000000e-05
3157, 1.000000e-05
3158, 1.000000e-05
3159, 1.000000e-05
3160, 1.000000e-05
3161, 1.000000e-05
3162, 1.000000e-05
3163, 1.000000e-05
3164, 1.000000e-05
3165, 1.000000e-05
3166, 1.000000e-05
3167, 1.000000e-05
3168, 1.000000e-05
3169, 1.000000e-05
3170, 1.000000e-05
3171, 1.000000e-05
3172, 1.000000e-05
3173, 1.000000e-05
3174, 1.000000e-05
3175, 1.000000e-05
3176, 1.000000e-05
3177, 1.000000e-05
3178, 1.000000e-05
3179, 1.000000e-05
3180, 1.000000e-05
3181, 1.000000e-05
3182, 1.000000e-05
3183, 1.000000e-05
3184, 1.000000e-05
3185, 1.000000e-05
3186, 1.000000e-05
3187, 1.000000e-05
3188, 1.000000e-05
3189, 1.000000e-05
3190, 1.000000e-05
3191, 1.000000e-05
3192, 1.000000e-05
3193, 1.000000e-05
3194, 1.000000e-05
3195, 1.000000e-05
3196, 1.000000e-05
3197, 1.000000e-05
3198, 1.000000e-05
3199, 1.000000e-05
3200, 1.000000e-05
3201, 1.000000e-05
3202, 1.000000e-05
3203, 1.000000e-05
3204, 1.000000e-05
3205, 1.000000e-05
3206, 1.000000e-05
3207, 1.000000e-05
3208, 1.000000e-05
3209, 1.000000e-05
3210, 1.000000e-05
3211, 1.000000e-05
3212, 1.000000e-05
3213, 1.000000e-05
3214, 1.000000e-05
3215, 1.000000e-05
3216, 1.000000e-05
3217, 1.000000e-05
3218, 1.000000e-05
3219, 1.000000e-05
3220, 1.000000e-05
3221, 1.000000e-05
3222, 1.000000e-05
3223, 1.000000e-05
3224, 1.000000e-05
3225, 1.000000e-05
3226, 1.000000e-05
3227, 1.000000e-05
3228, 1.000000e-05
3229, 1.000000e-05
3230, 1.000000e-05
3231, 1.000000e-05
3232, 1.000000e-05
3233, 1.000000e-05
3234, 1.000000e-05
3235, 1.000000e-05
3236, 1.000000e-05
3237, 1.000000e-05
3238, 1.000000e-05
3239, 1.000000e-05
3240, 1.000000e-05
3241, 1.000000e-05
3242, 1.000000e-05
3243, 1.000000e-05
3244, 1.000000e-05
3245, 1.000000e-05
3246, 1.000000e-05
3247, 1.000000e-05
3248, 1.000000e-05
3249, 1.000000e-05
3250, 1.000000e-05
3251, 1.000000e-05
3252, 1.000000e-05
3253, 1.000000e-05
3254, 1.000000e-05
3255, 1.000000e-05
3256, 1.000000e-05
3257, 1.000000e-05
3258, 1.000000e-05
3259, 1.000000e-05
3260, 1.000000e-05
3261, 1.000000e-05
3262, 1.000000e-05
3263, 1.000000e-05
3264, 1.000000e-05
3265, 1.000000e-05
3266, 1.000000e-05
3267, 1.000000e-05
3268, 1.000000e-05
3269, 1.000000e-05
3270, 1.000000e-05
3271, 1.000000e-05
3272, 1.000000e-05
3273, 1.000000e-05
3274, 1.000000e-05
3275, 1.000000e-05
3276, 1.000000e-05
3277, 1.000000e-05
3278, 1.000000e-05
3279, 1.000000e-05
3280, 1.000000e-05
3281, 1.000000e-05
3282, 1.000000e-05
3283, 1.000000e-05
3284, 1.000000e-05
3285, 1.000000e-05
3286, 1.000000e-05
3287, 1.000000e-05
3288, 1.000000e-05
3289, 1.000000e-05
3290, 1.000000e-05
3291, 1.000000e-05
3292, 1.000000e-05
3293, 1.000000e-05
3294, 1.000000e-05
3295, 1.000000e-05
3296, 1.000000e-05
3297, 1.000000e-05
3298, 1.000000e-05
3299, 1.000000e-05
3300, 1.000000e-05
3301, 1.000000e-05
3302, 1.000000e-05
3303, 1.000000e-05
3304, 1.000000e-05
3305, 1.000000e-05
3306, 1.000000e-05
3307, 1.000000e-05
3308, 1.000000e-05
3309, 1.000000e-05
3310, 1.000000e-05
3311, 1.000000e-05
3312, 1.000000e-05
3313, 1.000000e-06
3314, 1.000000e-06
3315, 1.000000e-06
3316, 1.000000e-06
3317, 1.000000e-06
3318, 1.000000e-06
3319, 1.000000e-06
3320, 1.000000e-06
3321, 1.000000e-06
3322, 1.000000e-06
3323, 1.000000e-06
3324, 1.000000e-06
3325, 1.000000e-06
3326, 1.000000e-06
3327, 1.000000e-06
3328, 1.000000e-06
3329, 1.000000e-06
3330, 1.000000e-06
3331, 1.000000e-06
3332, 1.000000e-06
3333, 1.000000e-06
3334, 1.000000e-06
3335, 1.000000e-06
3336, 1.000000e-06
3337, 1.000000e-06
3338, 1.000000e-06
3339, 1.000000e-06
3340, 1.000000e-06
3341, 1.000000e-06
3342, 1.000000e-06
3343, 1.000000e-06
3344, 1.000000e-06
3345, 1.000000e-06
3346, 1.000000e-06
3347, 1.000000e-06
3348, 1.000000e-06
3349, 1.000000e-06
3350, 1.000000e-06
3351, 1.000000e-06
3352, 1.000000e-06
3353, 1.000000e-06
3354, 1.000000e-06
3355, 1.000000e-06
3356, 1.000000e-06
3357, 1.000000e-06
3358, 1.000000e-06
3359, 1.000000e-06
3360, 1.000000e-06
3361, 1.000000e-06
3362, 1.000000e-06
3363, 1.000000e-06
3364, 1.000000e-06
3365, 1.000000e-06
3366, 1.000000e-06
3367, 1.000000e-06
3368, 1.000000e-06
3369, 1.000000e-06
3370, 1.000000e-06
3371, 1.000000e-06
3372, 1.000000e-06
3373, 1.000000e-06
3374, 1.000000e-06
3375, 1.000000e-06
3376, 1.000000e-06
3377, 1.000000e-06
3378, 1.000000e-06
3379, 1.000000e-06
3380, 1.000000e-06
3381, 1.000000e-06
3382, 1.000000e-06
3383, 1.000000e-06
3384, 1.000000e-06
3385, 1.000000e-06
3386, 1.000000e-06
3387, 1.000000e-06
3388, 1.000000e-06
3389, 1.000000e-06
3390, 1.000000e-06
3391, 1.000000e-06
3392, 1.000000e-06
3393, 1.000000e-06
3394, 1.000000e-06
3395, 1.000000e-06
3396, 1.000000e-06
3397, 1.000000e-06
3398, 1.000000e-06
3399, 1.000000e-06
3400, 1.000000e-06
3401, 1.000000e-06
3402, 1.000000e-06
3403, 1.000000e-06
3404, 1.000000e-06
3405, 1.000000e-06
3406, 1.000000e-06
3407, 1.000000e-06
3408, 1.000000e-06
3409, 1.000000e-06
3410, 1.000000e-06
3411, 1.000000e-06
3412, 1.000000e-06
3413, 1.000000e-06
3414, 1.000000e-06
3415, 1.000000e-06
3416, 1.000000e-06
3417, 1.000000e-06
3418, 1.000000e-06
3419, 1.000000e-06
3420, 1.000000e-06
