1, 14.844
2, 11.328
3, 10.677
4, 10.742
5, 10.938
6, 11.458
7, 12.165
8, 12.207
9, 12.500
10, 13.125
11, 12.855
12, 12.630
13, 13.161
14, 13.281
15, 13.802
16, 14.111
17, 14.292
18, 14.453
19, 14.515
20, 14.766
21, 14.955
22, 15.128
23, 15.149
24, 15.202
25, 15.312
26, 15.745
27, 16.117
28, 16.211
29, 16.029
30, 16.068
31, 16.406
32, 16.699
33, 16.761
34, 16.751
35, 16.696
36, 16.644
37, 16.659
38, 16.695
39, 16.810
40, 16.800
41, 16.829
42, 16.819
43, 16.827
44, 16.890
45, 16.985
46, 17.128
47, 17.112
48, 17.114
49, 17.148
50, 17.308
51, 17.430
52, 17.502
53, 17.600
54, 17.637
55, 17.830
56, 17.890
57, 17.947
58, 17.988
59, 18.109
60, 18.199
61, 18.286
62, 18.396
63, 18.414
64, 18.493
65, 18.546
66, 18.573
67, 18.552
68, 18.637
69, 18.741
70, 18.775
71, 18.764
72, 18.833
73, 18.876
74, 18.971
75, 18.979
76, 19.039
77, 19.098
78, 19.185
79, 19.291
80, 19.423
81, 19.494
82, 19.582
83, 19.648
84, 19.685
85, 19.758
86, 19.820
87, 19.863
88, 19.886
89, 19.945
90, 20.073
91, 20.093
92, 20.147
93, 20.243
94, 20.311
95, 20.387
96, 20.477
97, 20.607
98, 20.685
99, 20.745
100, 20.780
101, 20.917
102, 20.974
103, 21.013
104, 21.098
105, 21.211
106, 21.315
107, 21.358
108, 21.348
109, 21.382
110, 21.467
111, 21.557
112, 21.639
113, 21.726
114, 21.755
115, 21.798
116, 21.915
117, 22.004
118, 22.084
119, 22.156
120, 22.213
121, 22.303
122, 22.437
123, 22.516
124, 22.575
125, 22.659
126, 22.716
127, 22.778
128, 22.827
129, 22.881
130, 22.941
131, 23.048
132, 23.117
133, 23.180
134, 23.289
135, 23.313
136, 23.414
137, 23.507
138, 23.552
139, 23.615
140, 23.687
141, 23.697
142, 23.734
143, 23.843
144, 23.850
145, 23.864
146, 23.954
147, 24.010
148, 24.028
149, 24.067
150, 24.163
151, 24.280
152, 24.338
153, 24.426
154, 24.471
155, 24.526
156, 24.626
157, 24.634
158, 24.656
159, 24.719
160, 24.776
161, 24.827
162, 24.887
163, 24.966
164, 25.000
165, 25.111
166, 25.149
167, 25.220
168, 25.256
169, 25.283
170, 25.389
171, 25.447
172, 25.486
173, 25.507
174, 25.508
175, 25.555
176, 25.606
177, 25.657
178, 25.711
179, 25.774
180, 25.782
181, 25.800
182, 25.879
183, 25.913
184, 25.960
185, 26.024
186, 26.070
187, 26.124
188, 26.216
189, 26.256
190, 26.291
191, 26.380
192, 26.460
193, 26.544
194, 26.601
195, 26.634
196, 26.678
197, 26.771
198, 26.818
199, 26.893
200, 26.955
201, 27.037
202, 27.090
203, 27.126
204, 27.159
205, 27.241
206, 27.296
207, 27.358
208, 27.431
209, 27.491
210, 27.563
211, 27.592
212, 27.662
213, 27.683
214, 27.741
215, 27.802
216, 27.819
217, 27.868
218, 27.913
219, 27.991
220, 28.039
221, 28.126
222, 28.166
223, 28.158
224, 28.197
225, 28.250
226, 28.292
227, 28.334
228, 28.399
229, 28.475
230, 28.515
231, 28.565
232, 28.642
233, 28.733
234, 28.805
235, 28.863
236, 28.924
237, 28.948
238, 29.001
239, 29.061
240, 29.097
241, 29.139
242, 29.191
243, 29.206
244, 29.260
245, 29.285
246, 29.300
247, 29.337
248, 29.399
249, 29.461
250, 29.501
251, 29.562
252, 29.571
253, 29.638
254, 29.695
255, 29.758
256, 29.814
257, 29.869
258, 29.912
259, 29.954
260, 30.046
261, 30.121
262, 30.168
263, 30.211
264, 30.225
265, 30.265
266, 30.287
267, 30.317
268, 30.359
269, 30.407
270, 30.461
271, 30.499
272, 30.543
273, 30.584
274, 30.648
275, 30.714
276, 30.779
277, 30.839
278, 30.883
279, 30.945
280, 30.983
281, 31.049
282, 31.081
283, 31.141
284, 31.166
285, 31.265
286, 31.293
287, 31.331
288, 31.344
289, 31.391
290, 31.454
291, 31.506
292, 31.543
293, 31.605
294, 31.653
295, 31.716
296, 31.752
297, 31.778
298, 31.808
299, 31.851
300, 31.895
301, 31.930
302, 31.975
303, 31.999
304, 32.036
305, 32.091
306, 32.109
307, 32.171
308, 32.212
309, 32.212
310, 32.257
311, 32.290
312, 32.322
313, 32.344
314, 32.346
315, 32.383
316, 32.415
317, 32.464
318, 32.513
319, 32.589
320, 32.614
321, 32.640
322, 32.668
323, 32.695
324, 32.699
325, 32.751
326, 32.803
327, 32.832
328, 32.881
329, 32.893
330, 32.953
331, 33.010
332, 33.053
333, 33.120
334, 33.191
335, 33.218
336, 33.250
337, 33.291
338, 33.318
339, 33.336
340, 33.374
341, 33.447
342, 33.488
343, 33.534
344, 33.576
345, 33.590
346, 33.625
347, 33.662
348, 33.712
349, 33.757
350, 33.784
351, 33.843
352, 33.888
353, 33.905
354, 33.967
355, 34.013
356, 34.041
357, 34.071
358, 34.106
359, 34.135
360, 34.138
361, 34.172
362, 34.239
363, 34.237
364, 34.242
365, 34.270
366, 34.293
367, 34.354
368, 34.386
369, 34.419
370, 34.425
371, 34.470
372, 34.489
373, 34.521
374, 34.557
375, 34.610
376, 34.618
377, 34.640
378, 34.655
379, 34.681
380, 34.704
381, 34.722
382, 34.748
383, 34.784
384, 34.823
385, 34.867
386, 34.911
387, 34.941
388, 34.979
389, 35.034
390, 35.113
391, 35.149
392, 35.180
393, 35.219
394, 35.233
395, 35.277
396, 35.287
397, 35.325
398, 35.367
399, 35.420
400, 35.441
401, 35.481
402, 35.538
403, 35.566
404, 35.587
405, 35.625
406, 35.666
407, 35.686
408, 35.732
409, 35.781
410, 35.801
411, 35.825
412, 35.860
413, 35.875
414, 35.893
415, 35.930
416, 35.959
417, 35.987
418, 36.035
419, 36.058
420, 36.093
421, 36.125
422, 36.149
423, 36.173
424, 36.188
425, 36.221
426, 36.254
427, 36.283
428, 36.309
429, 36.338
430, 36.338
431, 36.362
432, 36.367
433, 36.392
434, 36.424
435, 36.446
436, 36.484
437, 36.515
438, 36.556
439, 36.580
440, 36.640
441, 36.679
442, 36.709
443, 36.737
444, 36.765
445, 36.830
446, 36.842
447, 36.899
448, 36.950
449, 36.970
450, 37.004
451, 37.050
452, 37.074
453, 37.119
454, 37.129
455, 37.177
456, 37.200
457, 37.227
458, 37.256
459, 37.289
460, 37.304
461, 37.320
462, 37.350
463, 37.376
464, 37.402
465, 37.416
466, 37.459
467, 37.481
468, 37.485
469, 37.523
470, 37.552
471, 37.581
472, 37.608
473, 37.628
474, 37.632
475, 37.649
476, 37.676
477, 37.692
478, 37.710
479, 37.756
480, 37.787
481, 37.798
482, 37.841
483, 37.873
484, 37.871
485, 37.893
486, 37.922
487, 37.952
488, 37.966
489, 37.973
490, 38.002
491, 38.030
492, 38.058
493, 38.081
494, 38.115
495, 38.151
496, 38.179
497, 38.198
498, 38.227
499, 38.244
500, 38.268
501, 38.292
502, 38.314
503, 38.339
504, 38.341
505, 38.365
506, 38.392
507, 38.426
508, 38.451
509, 38.484
510, 38.501
511, 38.533
512, 38.551
513, 38.582
514, 38.619
515, 38.637
516, 38.681
517, 38.694
518, 38.721
519, 38.743
520, 38.768
521, 38.793
522, 38.812
523, 38.830
524, 38.853
525, 38.888
526, 38.922
527, 38.948
528, 38.967
529, 38.995
530, 39.009
531, 39.045
532, 39.059
533, 39.080
534, 39.117
535, 39.132
536, 39.157
537, 39.193
538, 39.218
539, 39.238
540, 39.239
541, 39.260
542, 39.285
543, 39.301
544, 39.337
545, 39.353
546, 39.377
547, 39.397
548, 39.415
549, 39.432
550, 39.459
551, 39.487
552, 39.500
553, 39.516
554, 39.543
555, 39.559
556, 39.593
557, 39.625
558, 39.635
559, 39.656
560, 39.673
561, 39.702
562, 39.735
563, 39.762
564, 39.789
565, 39.819
566, 39.849
567, 39.877
568, 39.896
569, 39.910
570, 39.927
571, 39.938
572, 39.959
573, 39.971
574, 39.978
575, 40.001
576, 40.007
577, 40.025
578, 40.051
579, 40.077
580, 40.093
581, 40.105
582, 40.132
583, 40.161
584, 40.183
585, 40.201
586, 40.216
587, 40.238
588, 40.267
589, 40.279
590, 40.301
591, 40.315
592, 40.327
593, 40.354
594, 40.376
595, 40.394
596, 40.424
597, 40.443
598, 40.450
599, 40.469
600, 40.493
601, 40.524
602, 40.529
603, 40.544
604, 40.564
605, 40.588
606, 40.607
607, 40.621
608, 40.636
609, 40.655
610, 40.671
611, 40.684
612, 40.684
613, 40.694
614, 40.703
615, 40.721
616, 40.755
617, 40.777
618, 40.792
619, 40.823
620, 40.831
621, 40.850
622, 40.882
623, 40.902
624, 40.917
625, 40.940
626, 40.958
627, 40.982
628, 40.990
629, 41.009
630, 41.018
631, 41.043
632, 41.068
633, 41.096
634, 41.103
635, 41.125
636, 41.134
637, 41.158
638, 41.177
639, 41.198
640, 41.220
641, 41.234
642, 41.245
643, 41.261
644, 41.282
645, 41.311
646, 41.321
647, 41.342
648, 41.349
649, 41.358
650, 41.377
651, 41.385
652, 41.389
653, 41.423
654, 41.453
655, 41.462
656, 41.477
657, 41.504
658, 41.536
659, 41.554
660, 41.573
661, 41.595
662, 41.627
663, 41.652
664, 41.672
665, 41.689
666, 41.701
667, 41.708
668, 41.736
669, 41.748
670, 41.753
671, 41.764
672, 41.793
673, 41.785
674, 41.809
675, 41.818
676, 41.844
677, 41.874
678, 41.893
679, 41.918
680, 41.936
681, 41.959
682, 41.984
683, 41.998
684, 42.001
685, 42.018
686, 42.039
687, 42.058
688, 42.072
689, 42.095
690, 42.107
691, 42.122
692, 42.141
693, 42.165
694, 42.189
695, 42.208
696, 42.222
697, 42.238
698, 42.255
699, 42.278
700, 42.307
701, 42.330
702, 42.341
703, 42.352
704, 42.378
705, 42.392
706, 42.414
707, 42.428
708, 42.451
709, 42.462
710, 42.475
711, 42.475
712, 42.487
713, 42.502
714, 42.510
715, 42.529
716, 42.542
717, 42.549
718, 42.568
719, 42.574
720, 42.574
721, 42.585
722, 42.598
723, 42.625
724, 42.639
725, 42.659
726, 42.670
727, 42.699
728, 42.713
729, 42.735
730, 42.767
731, 42.791
732, 42.809
733, 42.831
734, 42.845
735, 42.859
736, 42.877
737, 42.890
738, 42.924
739, 42.939
740, 42.944
741, 42.961
742, 42.971
743, 42.980
744, 43.010
745, 43.031
746, 43.058
747, 43.069
748, 43.077
749, 43.088
750, 43.104
751, 43.117
752, 43.126
753, 43.144
754, 43.167
755, 43.184
756, 43.186
757, 43.201
758, 43.216
759, 43.233
760, 43.247
761, 43.256
762, 43.256
763, 43.272
764, 43.279
765, 43.295
766, 43.312
767, 43.324
768, 43.336
769, 43.350
770, 43.365
771, 43.376
772, 43.388
773, 43.396
774, 43.416
775, 43.428
776, 43.449
777, 43.466
778, 43.496
779, 43.519
780, 43.536
781, 43.547
782, 43.568
783, 43.594
784, 43.608
785, 43.625
786, 43.644
787, 43.665
788, 43.678
789, 43.697
790, 43.715
791, 43.737
792, 43.743
793, 43.758
794, 43.777
795, 43.789
796, 43.799
797, 43.811
798, 43.831
799, 43.840
800, 43.837
801, 43.850
802, 43.866
803, 43.885
804, 43.896
805, 43.909
806, 43.913
807, 43.926
808, 43.936
809, 43.940
810, 43.965
811, 43.981
812, 43.994
813, 44.022
814, 44.032
815, 44.035
816, 44.045
817, 44.061
818, 44.068
819, 44.083
820, 44.098
821, 44.107
822, 44.121
823, 44.139
824, 44.161
825, 44.182
826, 44.194
827, 44.204
828, 44.209
829, 44.219
830, 44.229
831, 44.251
832, 44.258
833, 44.273
834, 44.295
835, 44.296
836, 44.310
837, 44.316
838, 44.327
839, 44.345
840, 44.359
841, 44.370
842, 44.396
843, 44.409
844, 44.425
845, 44.438
846, 44.451
847, 44.465
848, 44.481
849, 44.484
850, 44.490
851, 44.499
852, 44.509
853, 44.521
854, 44.539
855, 44.551
856, 44.564
857, 44.573
858, 44.596
859, 44.602
860, 44.610
861, 44.620
862, 44.636
863, 44.647
864, 44.648
865, 44.659
866, 44.660
867, 44.684
868, 44.698
869, 44.704
870, 44.712
871, 44.723
872, 44.733
873, 44.750
874, 44.765
875, 44.786
876, 44.793
877, 44.802
878, 44.804
879, 44.818
880, 44.836
881, 44.843
882, 44.850
883, 44.856
884, 44.857
885, 44.865
886, 44.880
887, 44.889
888, 44.902
889, 44.906
890, 44.920
891, 44.926
892, 44.944
893, 44.958
894, 44.971
895, 44.978
896, 44.984
897, 44.987
898, 44.993
899, 45.004
900, 45.006
901, 45.009
902, 45.021
903, 45.044
904, 45.054
905, 45.061
906, 45.077
907, 45.083
908, 45.090
909, 45.098
910, 45.110
911, 45.120
912, 45.128
913, 45.142
914, 45.143
915, 45.151
916, 45.160
917, 45.170
918, 45.180
919, 45.195
920, 45.211
921, 45.221
922, 45.244
923, 45.262
924, 45.277
925, 45.292
926, 45.303
927, 45.316
928, 45.332
929, 45.341
930, 45.356
931, 45.370
932, 45.386
933, 45.392
934, 45.404
935, 45.415
936, 45.419
937, 45.430
938, 45.437
939, 45.447
940, 45.459
941, 45.470
942, 45.483
943, 45.505
944, 45.524
945, 45.527
946, 45.542
947, 45.553
948, 45.552
949, 45.566
950, 45.579
951, 45.585
952, 45.606
953, 45.618
954, 45.641
955, 45.654
956, 45.670
957, 45.685
958, 45.698
959, 45.710
960, 45.723
961, 45.743
962, 45.763
963, 45.781
964, 45.793
965, 45.812
966, 45.819
967, 45.834
968, 45.853
969, 45.873
970, 45.883
971, 45.890
972, 45.891
973, 45.909
974, 45.925
975, 45.945
976, 45.956
977, 45.969
978, 45.975
979, 45.988
980, 46.002
981, 46.011
982, 46.032
983, 46.052
984, 46.060
985, 46.074
986, 46.088
987, 46.095
988, 46.099
989, 46.108
990, 46.125
991, 46.140
992, 46.155
993, 46.169
994, 46.176
995, 46.188
996, 46.196
997, 46.210
998, 46.220
999, 46.233
1000, 46.243
1001, 46.254
1002, 46.266
1003, 46.275
1004, 46.287
1005, 46.299
1006, 46.311
1007, 46.319
1008, 46.320
1009, 46.338
1010, 46.348
1011, 46.361
1012, 46.374
1013, 46.384
1014, 46.397
1015, 46.408
1016, 46.416
1017, 46.422
1018, 46.435
1019, 46.444
1020, 46.453
1021, 46.467
1022, 46.483
1023, 46.488
1024, 46.496
1025, 46.509
1026, 46.515
1027, 46.530
1028, 46.539
1029, 46.551
1030, 46.563
1031, 46.581
1032, 46.594
1033, 46.604
1034, 46.623
1035, 46.626
1036, 46.632
1037, 46.648
1038, 46.668
1039, 46.681
1040, 46.689
1041, 46.698
1042, 46.714
1043, 46.723
1044, 46.724
1045, 46.736
1046, 46.743
1047, 46.755
1048, 46.767
1049, 46.778
1050, 46.788
1051, 46.797
1052, 46.810
1053, 46.827
1054, 46.839
1055, 46.853
1056, 46.873
1057, 46.883
1058, 46.890
1059, 46.896
1060, 46.911
1061, 46.917
1062, 46.919
1063, 46.940
1064, 46.953
1065, 46.963
1066, 46.966
1067, 46.974
1068, 46.987
1069, 46.998
1070, 47.010
1071, 47.024
1072, 47.044
1073, 47.059
1074, 47.075
1075, 47.078
1076, 47.090
1077, 47.104
1078, 47.112
1079, 47.123
1080, 47.128
1081, 47.145
1082, 47.157
1083, 47.168
1084, 47.176
1085, 47.175
1086, 47.178
1087, 47.188
1088, 47.206
1089, 47.214
1090, 47.222
1091, 47.235
1092, 47.245
1093, 47.257
1094, 47.264
1095, 47.279
1096, 47.293
1097, 47.298
1098, 47.301
1099, 47.319
1100, 47.323
1101, 47.332
1102, 47.343
1103, 47.351
1104, 47.356
1105, 47.362
1106, 47.372
1107, 47.385
1108, 47.397
1109, 47.402
1110, 47.413
1111, 47.422
1112, 47.426
1113, 47.443
1114, 47.455
1115, 47.466
1116, 47.466
1117, 47.477
1118, 47.493
1119, 47.502
1120, 47.507
1121, 47.515
1122, 47.530
1123, 47.536
1124, 47.552
1125, 47.556
1126, 47.564
1127, 47.575
1128, 47.590
1129, 47.603
1130, 47.610
1131, 47.618
1132, 47.631
1133, 47.638
1134, 47.653
1135, 47.660
1136, 47.670
1137, 47.685
1138, 47.690
1139, 47.699
1140, 47.705
1141, 47.718
1142, 47.725
1143, 47.732
1144, 47.742
1145, 47.754
1146, 47.767
1147, 47.773
1148, 47.792
1149, 47.801
1150, 47.812
1151, 47.827
1152, 47.829
1153, 47.837
1154, 47.846
1155, 47.853
1156, 47.865
1157, 47.875
1158, 47.889
1159, 47.903
1160, 47.916
1161, 47.930
1162, 47.939
1163, 47.947
1164, 47.952
1165, 47.958
1166, 47.968
1167, 47.967
1168, 47.986
1169, 47.989
1170, 47.993
1171, 48.001
1172, 48.012
1173, 48.017
1174, 48.023
1175, 48.032
1176, 48.039
1177, 48.050
1178, 48.054
1179, 48.062
1180, 48.075
1181, 48.084
1182, 48.088
1183, 48.095
1184, 48.105
1185, 48.118
1186, 48.127
1187, 48.141
1188, 48.145
1189, 48.149
1190, 48.160
1191, 48.168
1192, 48.183
1193, 48.191
1194, 48.202
1195, 48.207
1196, 48.219
1197, 48.226
1198, 48.239
1199, 48.252
1200, 48.263
1201, 48.278
1202, 48.283
1203, 48.294
1204, 48.309
1205, 48.314
1206, 48.316
1207, 48.330
1208, 48.339
1209, 48.340
1210, 48.349
1211, 48.357
1212, 48.363
1213, 48.371
1214, 48.376
1215, 48.380
1216, 48.394
1217, 48.408
1218, 48.419
1219, 48.430
1220, 48.434
1221, 48.442
1222, 48.452
1223, 48.456
1224, 48.459
1225, 48.466
1226, 48.474
1227, 48.486
1228, 48.493
1229, 48.500
1230, 48.517
1231, 48.528
1232, 48.544
1233, 48.553
1234, 48.555
1235, 48.553
1236, 48.560
1237, 48.569
1238, 48.568
1239, 48.577
1240, 48.584
1241, 48.591
1242, 48.602
1243, 48.606
1244, 48.615
1245, 48.620
1246, 48.629
1247, 48.635
1248, 48.645
1249, 48.650
1250, 48.657
1251, 48.668
1252, 48.675
1253, 48.682
1254, 48.688
1255, 48.696
1256, 48.704
1257, 48.709
1258, 48.716
1259, 48.731
1260, 48.734
1261, 48.744
1262, 48.753
1263, 48.759
1264, 48.773
1265, 48.781
1266, 48.791
1267, 48.799
1268, 48.809
1269, 48.823
1270, 48.829
1271, 48.839
1272, 48.842
1273, 48.853
1274, 48.863
1275, 48.867
1276, 48.877
1277, 48.881
1278, 48.883
1279, 48.893
1280, 48.897
1281, 48.912
1282, 48.921
1283, 48.928
1284, 48.939
1285, 48.945
1286, 48.951
1287, 48.962
1288, 48.971
1289, 48.981
1290, 48.991
1291, 49.001
1292, 49.004
1293, 49.011
1294, 49.023
1295, 49.030
1296, 49.031
1297, 49.040
1298, 49.043
1299, 49.044
1300, 49.052
1301, 49.062
1302, 49.070
1303, 49.072
1304, 49.083
1305, 49.089
1306, 49.097
1307, 49.107
1308, 49.108
1309, 49.109
1310, 49.115
1311, 49.118
1312, 49.122
1313, 49.128
1314, 49.128
1315, 49.138
1316, 49.142
1317, 49.148
1318, 49.158
1319, 49.169
1320, 49.170
1321, 49.186
1322, 49.193
1323, 49.197
1324, 49.203
1325, 49.215
1326, 49.225
1327, 49.229
1328, 49.240
1329, 49.249
1330, 49.255
1331, 49.266
1332, 49.267
1333, 49.272
1334, 49.280
1335, 49.288
1336, 49.296
1337, 49.304
1338, 49.313
1339, 49.329
1340, 49.331
1341, 49.334
1342, 49.340
1343, 49.345
1344, 49.353
1345, 49.360
1346, 49.361
1347, 49.368
1348, 49.378
1349, 49.388
1350, 49.392
1351, 49.407
1352, 49.422
1353, 49.425
1354, 49.435
1355, 49.441
1356, 49.444
1357, 49.453
1358, 49.459
1359, 49.464
1360, 49.473
1361, 49.482
1362, 49.490
1363, 49.496
1364, 49.504
1365, 49.511
1366, 49.521
1367, 49.525
1368, 49.524
1369, 49.534
1370, 49.542
1371, 49.551
1372, 49.557
1373, 49.567
1374, 49.574
1375, 49.581
1376, 49.591
1377, 49.594
1378, 49.599
1379, 49.603
1380, 49.608
1381, 49.608
1382, 49.616
1383, 49.621
1384, 49.624
1385, 49.629
1386, 49.633
1387, 49.640
1388, 49.644
1389, 49.653
1390, 49.663
1391, 49.667
1392, 49.678
1393, 49.687
1394, 49.696
1395, 49.702
1396, 49.710
1397, 49.712
1398, 49.719
1399, 49.723
1400, 49.732
1401, 49.741
1402, 49.749
1403, 49.758
1404, 49.758
1405, 49.769
1406, 49.776
1407, 49.785
1408, 49.791
1409, 49.799
1410, 49.808
1411, 49.815
1412, 49.820
1413, 49.826
1414, 49.831
1415, 49.836
1416, 49.847
1417, 49.853
1418, 49.861
1419, 49.865
1420, 49.869
1421, 49.877
1422, 49.884
1423, 49.889
1424, 49.894
1425, 49.900
1426, 49.910
1427, 49.917
1428, 49.926
1429, 49.930
1430, 49.935
1431, 49.940
1432, 49.948
1433, 49.948
1434, 49.953
1435, 49.957
1436, 49.963
1437, 49.974
1438, 49.979
1439, 49.984
1440, 49.986
1441, 49.993
1442, 50.000
1443, 50.006
1444, 50.014
1445, 50.022
1446, 50.028
1447, 50.034
1448, 50.039
1449, 50.047
1450, 50.057
1451, 50.058
1452, 50.065
1453, 50.070
1454, 50.075
1455, 50.085
1456, 50.092
1457, 50.101
1458, 50.106
1459, 50.110
1460, 50.120
1461, 50.129
1462, 50.126
1463, 50.130
1464, 50.136
1465, 50.139
1466, 50.141
1467, 50.151
1468, 50.159
1469, 50.164
1470, 50.174
1471, 50.179
1472, 50.187
1473, 50.196
1474, 50.196
1475, 50.199
1476, 50.201
1477, 50.207
1478, 50.211
1479, 50.217
1480, 50.224
1481, 50.235
1482, 50.243
1483, 50.246
1484, 50.254
1485, 50.254
1486, 50.260
1487, 50.270
1488, 50.277
1489, 50.279
1490, 50.285
1491, 50.292
1492, 50.300
1493, 50.309
1494, 50.316
1495, 50.323
1496, 50.331
1497, 50.340
1498, 50.344
1499, 50.346
1500, 50.354
1501, 50.357
1502, 50.363
1503, 50.367
1504, 50.377
1505, 50.385
1506, 50.394
1507, 50.401
1508, 50.406
1509, 50.412
1510, 50.414
1511, 50.418
1512, 50.419
1513, 50.428
1514, 50.432
1515, 50.437
1516, 50.441
1517, 50.446
1518, 50.451
1519, 50.457
1520, 50.459
1521, 50.467
1522, 50.480
1523, 50.484
1524, 50.490
1525, 50.498
1526, 50.503
1527, 50.510
1528, 50.517
1529, 50.523
1530, 50.527
1531, 50.535
1532, 50.540
1533, 50.547
1534, 50.556
1535, 50.560
1536, 50.569
1537, 50.574
1538, 50.582
1539, 50.586
1540, 50.597
1541, 50.604
1542, 50.608
1543, 50.614
1544, 50.611
1545, 50.615
1546, 50.620
1547, 50.625
1548, 50.625
1549, 50.628
1550, 50.637
1551, 50.644
1552, 50.648
1553, 50.652
1554, 50.661
1555, 50.671
1556, 50.673
1557, 50.680
1558, 50.685
1559, 50.688
1560, 50.689
1561, 50.699
1562, 50.706
1563, 50.707
1564, 50.711
1565, 50.715
1566, 50.720
1567, 50.728
1568, 50.732
1569, 50.737
1570, 50.743
1571, 50.749
1572, 50.754
1573, 50.757
1574, 50.760
1575, 50.763
1576, 50.770
1577, 50.771
1578, 50.781
1579, 50.790
1580, 50.794
1581, 50.800
1582, 50.808
1583, 50.812
1584, 50.814
1585, 50.823
1586, 50.830
1587, 50.832
1588, 50.836
1589, 50.840
1590, 50.842
1591, 50.853
1592, 50.857
1593, 50.862
1594, 50.872
1595, 50.877
1596, 50.882
1597, 50.887
1598, 50.897
1599, 50.905
1600, 50.911
1601, 50.914
1602, 50.919
1603, 50.924
1604, 50.927
1605, 50.935
1606, 50.941
1607, 50.944
1608, 50.949
1609, 50.958
1610, 50.962
1611, 50.970
1612, 50.975
1613, 50.976
1614, 50.980
1615, 50.983
1616, 50.992
1617, 50.991
1618, 50.996
1619, 51.000
1620, 51.001
1621, 51.006
1622, 51.010
1623, 51.013
1624, 51.021
1625, 51.026
1626, 51.026
1627, 51.030
1628, 51.037
1629, 51.046
1630, 51.051
1631, 51.057
1632, 51.060
1633, 51.068
1634, 51.071
1635, 51.078
1636, 51.085
1637, 51.086
1638, 51.093
1639, 51.099
1640, 51.107
1641, 51.112
1642, 51.113
1643, 51.115
1644, 51.115
1645, 51.119
1646, 51.120
1647, 51.125
1648, 51.129
1649, 51.140
1650, 51.144
1651, 51.150
1652, 51.157
1653, 51.159
1654, 51.165
1655, 51.161
1656, 51.162
1657, 51.168
1658, 51.174
1659, 51.177
1660, 51.183
1661, 51.188
1662, 51.191
1663, 51.197
1664, 51.202
1665, 51.206
1666, 51.213
1667, 51.215
1668, 51.217
1669, 51.226
1670, 51.234
1671, 51.239
1672, 51.244
1673, 51.245
1674, 51.252
1675, 51.259
1676, 51.265
1677, 51.264
1678, 51.270
1679, 51.275
1680, 51.282
1681, 51.286
1682, 51.292
1683, 51.295
1684, 51.298
1685, 51.303
1686, 51.312
1687, 51.314
1688, 51.323
1689, 51.333
1690, 51.340
1691, 51.347
1692, 51.348
1693, 51.351
1694, 51.356
1695, 51.362
1696, 51.372
1697, 51.380
1698, 51.381
1699, 51.388
1700, 51.392
1701, 51.391
1702, 51.394
1703, 51.401
1704, 51.409
1705, 51.410
1706, 51.413
1707, 51.413
1708, 51.415
1709, 51.417
1710, 51.424
1711, 51.428
1712, 51.438
1713, 51.444
1714, 51.445
1715, 51.452
1716, 51.457
1717, 51.461
1718, 51.464
1719, 51.470
1720, 51.472
1721, 51.473
1722, 51.478
1723, 51.481
1724, 51.488
1725, 51.492
1726, 51.492
1727, 51.490
1728, 51.491
1729, 51.492
1730, 51.490
1731, 51.495
1732, 51.491
1733, 51.488
1734, 51.493
1735, 51.496
1736, 51.499
1737, 51.500
1738, 51.501
1739, 51.506
1740, 51.509
1741, 51.510
1742, 51.510
1743, 51.515
1744, 51.515
1745, 51.519
1746, 51.520
1747, 51.525
1748, 51.530
1749, 51.534
1750, 51.533
1751, 51.535
1752, 51.534
1753, 51.537
1754, 51.540
1755, 51.542
1756, 51.543
1757, 51.548
1758, 51.552
1759, 51.555
1760, 51.557
1761, 51.558
1762, 51.561
1763, 51.565
1764, 51.566
1765, 51.565
1766, 51.567
1767, 51.569
1768, 51.571
1769, 51.575
1770, 51.580
1771, 51.580
1772, 51.581
1773, 51.585
1774, 51.583
1775, 51.583
1776, 51.584
1777, 51.588
1778, 51.588
1779, 51.589
1780, 51.597
1781, 51.598
1782, 51.604
1783, 51.607
1784, 51.618
1785, 51.619
1786, 51.621
1787, 51.626
1788, 51.629
1789, 51.632
1790, 51.635
1791, 51.637
1792, 51.641
1793, 51.645
1794, 51.645
1795, 51.650
1796, 51.658
1797, 51.659
1798, 51.662
1799, 51.665
1800, 51.666
1801, 51.665
1802, 51.662
1803, 51.665
1804, 51.670
1805, 51.673
1806, 51.675
1807, 51.681
1808, 51.682
1809, 51.687
1810, 51.692
1811, 51.695
1812, 51.697
1813, 51.699
1814, 51.695
1815, 51.696
1816, 51.699
1817, 51.701
1818, 51.705
1819, 51.710
1820, 51.711
1821, 51.716
1822, 51.718
1823, 51.721
1824, 51.724
1825, 51.724
1826, 51.727
1827, 51.733
1828, 51.737
1829, 51.744
1830, 51.749
1831, 51.750
1832, 51.750
1833, 51.754
1834, 51.758
1835, 51.760
1836, 51.763
1837, 51.762
1838, 51.764
1839, 51.764
1840, 51.763
1841, 51.765
1842, 51.769
1843, 51.775
1844, 51.779
1845, 51.780
1846, 51.787
1847, 51.795
1848, 51.800
1849, 51.800
1850, 51.800
1851, 51.797
1852, 51.796
1853, 51.799
1854, 51.802
1855, 51.803
1856, 51.807
1857, 51.812
1858, 51.813
1859, 51.815
1860, 51.819
1861, 51.823
1862, 51.825
1863, 51.826
1864, 51.829
1865, 51.826
1866, 51.828
1867, 51.832
1868, 51.833
1869, 51.838
1870, 51.842
1871, 51.845
1872, 51.846
1873, 51.851
1874, 51.856
1875, 51.858
1876, 51.863
1877, 51.863
1878, 51.865
1879, 51.871
1880, 51.874
1881, 51.876
1882, 51.883
1883, 51.884
1884, 51.886
1885, 51.888
1886, 51.892
1887, 51.896
1888, 51.900
1889, 51.903
1890, 51.905
1891, 51.906
1892, 51.909
1893, 51.914
1894, 51.915
1895, 51.919
1896, 51.922
1897, 51.925
1898, 51.923
1899, 51.928
1900, 51.929
1901, 51.933
1902, 51.930
1903, 51.931
1904, 51.935
1905, 51.939
1906, 51.945
1907, 51.950
1908, 51.951
1909, 51.954
1910, 51.954
1911, 51.962
1912, 51.965
1913, 51.966
1914, 51.961
1915, 51.962
1916, 51.963
1917, 51.966
1918, 51.966
1919, 51.966
1920, 51.966
1921, 51.968
1922, 51.971
1923, 51.971
1924, 51.977
1925, 51.984
1926, 51.985
1927, 51.982
1928, 51.989
1929, 51.988
1930, 51.988
1931, 51.987
1932, 51.991
1933, 52.000
1934, 52.003
1935, 52.007
1936, 52.008
1937, 52.010
1938, 52.013
1939, 52.017
1940, 52.021
1941, 52.024
1942, 52.027
1943, 52.031
1944, 52.031
1945, 52.037
1946, 52.042
1947, 52.046
1948, 52.045
1949, 52.047
1950, 52.047
1951, 52.054
1952, 52.054
1953, 52.056
1954, 52.060
1955, 52.062
1956, 52.067
1957, 52.071
1958, 52.074
1959, 52.080
1960, 52.083
1961, 52.085
1962, 52.089
1963, 52.088
1964, 52.092
1965, 52.096
1966, 52.098
1967, 52.103
1968, 52.104
1969, 52.106
1970, 52.107
1971, 52.108
1972, 52.112
1973, 52.117
1974, 52.123
1975, 52.121
1976, 52.126
1977, 52.131
1978, 52.134
1979, 52.139
1980, 52.138
1981, 52.144
1982, 52.147
1983, 52.154
1984, 52.159
1985, 52.160
1986, 52.164
1987, 52.165
1988, 52.168
1989, 52.166
1990, 52.171
1991, 52.173
1992, 52.178
1993, 52.185
1994, 52.189
1995, 52.193
1996, 52.194
1997, 52.198
1998, 52.203
1999, 52.207
2000, 52.209
2001, 52.216
2002, 52.218
2003, 52.219
2004, 52.225
2005, 52.229
2006, 52.233
2007, 52.234
2008, 52.236
2009, 52.242
2010, 52.246
2011, 52.248
2012, 52.250
2013, 52.250
2014, 52.253
2015, 52.255
2016, 52.256
2017, 52.259
2018, 52.260
2019, 52.263
2020, 52.266
2021, 52.270
2022, 52.275
2023, 52.280
2024, 52.285
2025, 52.293
2026, 52.295
2027, 52.299
2028, 52.301
2029, 52.307
2030, 52.311
2031, 52.316
2032, 52.320
2033, 52.327
2034, 52.331
2035, 52.335
2036, 52.336
2037, 52.341
2038, 52.340
2039, 52.343
2040, 52.344
2041, 52.346
2042, 52.348
2043, 52.351
2044, 52.348
2045, 52.351
2046, 52.360
2047, 52.360
2048, 52.361
2049, 52.368
2050, 52.372
2051, 52.377
2052, 52.377
2053, 52.379
2054, 52.382
2055, 52.383
2056, 52.385
2057, 52.387
2058, 52.392
2059, 52.396
2060, 52.399
2061, 52.406
2062, 52.410
2063, 52.414
2064, 52.417
2065, 52.417
2066, 52.422
2067, 52.427
2068, 52.426
2069, 52.430
2070, 52.432
2071, 52.439
2072, 52.436
2073, 52.438
2074, 52.439
2075, 52.443
2076, 52.445
2077, 52.446
2078, 52.453
2079, 52.458
2080, 52.464
2081, 52.465
2082, 52.464
2083, 52.469
2084, 52.469
2085, 52.473
2086, 52.474
2087, 52.475
2088, 52.476
2089, 52.480
2090, 52.484
2091, 52.489
2092, 52.496
2093, 52.498
2094, 52.503
2095, 52.508
2096, 52.514
2097, 52.518
2098, 52.520
2099, 52.522
2100, 52.524
2101, 52.529
2102, 52.532
2103, 52.534
2104, 52.536
2105, 52.538
2106, 52.541
2107, 52.548
2108, 52.551
2109, 52.553
2110, 52.556
2111, 52.560
2112, 52.563
2113, 52.560
2114, 52.562
2115, 52.564
2116, 52.569
2117, 52.574
2118, 52.573
2119, 52.573
2120, 52.572
2121, 52.573
2122, 52.580
2123, 52.581
2124, 52.582
2125, 52.587
2126, 52.590
2127, 52.595
2128, 52.595
2129, 52.596
2130, 52.597
2131, 52.603
2132, 52.606
2133, 52.613
2134, 52.616
2135, 52.620
2136, 52.620
2137, 52.621
2138, 52.625
2139, 52.630
2140, 52.632
2141, 52.636
2142, 52.643
2143, 52.645
2144, 52.648
2145, 52.651
2146, 52.654
2147, 52.659
2148, 52.664
2149, 52.666
2150, 52.669
2151, 52.673
2152, 52.676
2153, 52.680
2154, 52.682
2155, 52.686
2156, 52.691
2157, 52.694
2158, 52.699
2159, 52.706
2160, 52.707
2161, 52.711
2162, 52.716
2163, 52.721
2164, 52.724
2165, 52.732
2166, 52.737
2167, 52.741
2168, 52.746
2169, 52.748
2170, 52.751
2171, 52.757
2172, 52.759
2173, 52.761
2174, 52.768
2175, 52.774
2176, 52.779
2177, 52.783
2178, 52.783
2179, 52.787
2180, 52.792
2181, 52.793
2182, 52.793
2183, 52.795
2184, 52.796
2185, 52.799
2186, 52.801
2187, 52.804
2188, 52.810
2189, 52.813
2190, 52.820
2191, 52.819
2192, 52.822
2193, 52.826
2194, 52.828
2195, 52.834
2196, 52.834
2197, 52.838
2198, 52.843
2199, 52.849
2200, 52.852
2201, 52.856
2202, 52.862
2203, 52.865
2204, 52.871
2205, 52.872
2206, 52.879
2207, 52.888
2208, 52.891
2209, 52.897
2210, 52.899
2211, 52.904
2212, 52.908
2213, 52.910
2214, 52.912
2215, 52.916
2216, 52.913
2217, 52.920
2218, 52.924
2219, 52.929
2220, 52.930
2221, 52.933
2222, 52.935
2223, 52.935
2224, 52.941
2225, 52.944
2226, 52.949
2227, 52.954
2228, 52.954
2229, 52.957
2230, 52.963
2231, 52.965
2232, 52.966
2233, 52.972
2234, 52.976
2235, 52.979
2236, 52.986
2237, 52.987
2238, 52.989
2239, 52.992
2240, 52.999
2241, 53.005
2242, 53.009
2243, 53.017
2244, 53.019
2245, 53.020
2246, 53.023
2247, 53.024
2248, 53.030
2249, 53.035
2250, 53.036
2251, 53.037
2252, 53.041
2253, 53.042
2254, 53.044
2255, 53.045
2256, 53.049
2257, 53.052
2258, 53.055
2259, 53.057
2260, 53.055
2261, 53.059
2262, 53.064
2263, 53.065
2264, 53.069
2265, 53.074
2266, 53.076
2267, 53.075
2268, 53.074
2269, 53.077
2270, 53.082
2271, 53.086
2272, 53.093
2273, 53.099
2274, 53.103
2275, 53.107
2276, 53.110
2277, 53.114
2278, 53.114
2279, 53.120
2280, 53.123
2281, 53.126
2282, 53.131
2283, 53.135
2284, 53.141
2285, 53.144
2286, 53.149
2287, 53.153
2288, 53.158
2289, 53.161
2290, 53.167
2291, 53.166
2292, 53.170
2293, 53.173
2294, 53.174
2295, 53.179
2296, 53.180
2297, 53.181
2298, 53.185
2299, 53.186
2300, 53.187
2301, 53.188
2302, 53.189
2303, 53.194
2304, 53.194
2305, 53.198
2306, 53.199
2307, 53.205
2308, 53.213
2309, 53.216
2310, 53.218
2311, 53.221
2312, 53.227
2313, 53.232
2314, 53.235
2315, 53.236
2316, 53.242
2317, 53.248
2318, 53.249
2319, 53.252
2320, 53.255
2321, 53.259
2322, 53.260
2323, 53.262
2324, 53.267
2325, 53.270
2326, 53.273
2327, 53.275
2328, 53.278
2329, 53.283
2330, 53.286
2331, 53.288
2332, 53.292
2333, 53.289
2334, 53.289
2335, 53.292
2336, 53.294
2337, 53.293
2338, 53.295
2339, 53.296
2340, 53.296
2341, 53.296
2342, 53.296
2343, 53.296
2344, 53.297
2345, 53.304
2346, 53.307
2347, 53.311
2348, 53.315
2349, 53.315
2350, 53.316
2351, 53.322
2352, 53.330
2353, 53.332
2354, 53.333
2355, 53.335
2356, 53.336
2357, 53.340
2358, 53.343
2359, 53.343
2360, 53.347
2361, 53.353
2362, 53.355
2363, 53.356
2364, 53.358
2365, 53.363
2366, 53.368
2367, 53.370
2368, 53.374
2369, 53.378
2370, 53.382
2371, 53.384
2372, 53.387
2373, 53.390
2374, 53.396
2375, 53.397
2376, 53.397
2377, 53.401
2378, 53.405
2379, 53.410
2380, 53.409
2381, 53.413
2382, 53.415
2383, 53.417
2384, 53.421
2385, 53.425
2386, 53.429
2387, 53.432
2388, 53.436
2389, 53.436
2390, 53.439
2391, 53.443
2392, 53.443
2393, 53.441
2394, 53.447
2395, 53.452
2396, 53.459
2397, 53.461
2398, 53.462
2399, 53.462
2400, 53.467
2401, 53.467
2402, 53.470
2403, 53.472
2404, 53.471
2405, 53.473
2406, 53.474
2407, 53.472
2408, 53.474
2409, 53.478
2410, 53.479
2411, 53.484
2412, 53.484
2413, 53.486
2414, 53.488
2415, 53.493
2416, 53.495
2417, 53.500
2418, 53.504
2419, 53.502
2420, 53.506
2421, 53.509
2422, 53.511
2423, 53.513
2424, 53.517
2425, 53.519
2426, 53.522
2427, 53.522
2428, 53.525
2429, 53.527
2430, 53.526
2431, 53.532
2432, 53.537
2433, 53.541
2434, 53.545
2435, 53.544
2436, 53.548
2437, 53.551
2438, 53.554
2439, 53.558
2440, 53.561
2441, 53.563
2442, 53.570
2443, 53.573
2444, 53.577
2445, 53.580
2446, 53.581
2447, 53.584
2448, 53.585
2449, 53.590
2450, 53.592
2451, 53.596
2452, 53.599
2453, 53.607
2454, 53.611
2455, 53.614
2456, 53.615
2457, 53.618
2458, 53.620
2459, 53.625
2460, 53.626
2461, 53.628
2462, 53.630
2463, 53.632
2464, 53.638
2465, 53.641
2466, 53.643
2467, 53.645
2468, 53.645
2469, 53.646
2470, 53.648
2471, 53.652
2472, 53.654
2473, 53.656
2474, 53.656
2475, 53.662
2476, 53.665
2477, 53.666
2478, 53.668
2479, 53.668
2480, 53.668
2481, 53.668
2482, 53.669
2483, 53.673
2484, 53.674
2485, 53.677
2486, 53.679
2487, 53.682
2488, 53.684
2489, 53.689
2490, 53.692
2491, 53.696
2492, 53.699
2493, 53.705
2494, 53.708
2495, 53.712
2496, 53.720
2497, 53.721
2498, 53.725
2499, 53.725
2500, 53.728
2501, 53.729
2502, 53.732
2503, 53.734
2504, 53.736
2505, 53.740
2506, 53.745
2507, 53.751
2508, 53.753
2509, 53.756
2510, 53.760
2511, 53.761
2512, 53.761
2513, 53.761
2514, 53.764
2515, 53.767
2516, 53.769
2517, 53.772
2518, 53.771
2519, 53.771
2520, 53.772
2521, 53.775
2522, 53.781
2523, 53.782
2524, 53.787
2525, 53.791
2526, 53.792
2527, 53.794
2528, 53.795
2529, 53.799
2530, 53.802
2531, 53.806
2532, 53.808
2533, 53.808
2534, 53.812
2535, 53.815
2536, 53.819
2537, 53.824
2538, 53.825
2539, 53.829
2540, 53.835
2541, 53.839
2542, 53.838
2543, 53.841
2544, 53.844
2545, 53.847
2546, 53.849
2547, 53.853
2548, 53.854
2549, 53.856
2550, 53.859
2551, 53.861
2552, 53.862
2553, 53.864
2554, 53.866
2555, 53.867
2556, 53.867
2557, 53.858
2558, 53.854
2559, 53.851
2560, 53.851
2561, 53.850
2562, 53.849
2563, 53.848
2564, 53.850
2565, 53.852
2566, 53.850
2567, 53.848
2568, 53.848
2569, 53.847
2570, 53.846
2571, 53.849
2572, 53.850
2573, 53.850
2574, 53.852
2575, 53.852
2576, 53.852
2577, 53.850
2578, 53.850
2579, 53.851
2580, 53.850
2581, 53.849
2582, 53.847
2583, 53.848
2584, 53.848
2585, 53.847
2586, 53.848
2587, 53.846
2588, 53.845
2589, 53.844
2590, 53.842
2591, 53.842
2592, 53.840
2593, 53.842
2594, 53.841
2595, 53.845
2596, 53.843
2597, 53.843
2598, 53.841
2599, 53.840
2600, 53.842
2601, 53.845
2602, 53.845
2603, 53.845
2604, 53.847
2605, 53.848
2606, 53.848
2607, 53.850
2608, 53.849
2609, 53.846
2610, 53.847
2611, 53.847
2612, 53.848
2613, 53.847
2614, 53.848
2615, 53.847
2616, 53.851
2617, 53.853
2618, 53.854
2619, 53.855
2620, 53.854
2621, 53.853
2622, 53.853
2623, 53.852
2624, 53.852
2625, 53.853
2626, 53.854
2627, 53.855
2628, 53.855
2629, 53.859
2630, 53.858
2631, 53.859
2632, 53.861
2633, 53.867
2634, 53.871
2635, 53.871
2636, 53.871
2637, 53.871
2638, 53.874
2639, 53.875
2640, 53.876
2641, 53.873
2642, 53.870
2643, 53.873
2644, 53.872
2645, 53.874
2646, 53.874
2647, 53.873
2648, 53.873
2649, 53.874
2650, 53.876
2651, 53.877
2652, 53.880
2653, 53.879
2654, 53.880
2655, 53.884
2656, 53.887
2657, 53.889
2658, 53.890
2659, 53.889
2660, 53.889
2661, 53.893
2662, 53.894
2663, 53.897
2664, 53.897
2665, 53.899
2666, 53.898
2667, 53.899
2668, 53.899
2669, 53.899
2670, 53.898
2671, 53.900
2672, 53.902
2673, 53.902
2674, 53.906
2675, 53.907
2676, 53.906
2677, 53.908
2678, 53.909
2679, 53.910
2680, 53.914
2681, 53.914
2682, 53.917
2683, 53.917
2684, 53.919
2685, 53.920
2686, 53.922
2687, 53.926
2688, 53.929
2689, 53.930
2690, 53.930
2691, 53.932
2692, 53.932
2693, 53.932
2694, 53.934
2695, 53.936
2696, 53.936
2697, 53.939
2698, 53.942
2699, 53.945
2700, 53.945
2701, 53.948
2702, 53.952
2703, 53.953
2704, 53.953
2705, 53.956
2706, 53.956
2707, 53.958
2708, 53.959
2709, 53.960
2710, 53.966
2711, 53.968
2712, 53.971
2713, 53.972
2714, 53.977
2715, 53.976
2716, 53.979
2717, 53.980
2718, 53.983
2719, 53.983
2720, 53.984
2721, 53.987
2722, 53.988
2723, 53.990
2724, 53.991
2725, 53.997
2726, 54.000
2727, 53.998
2728, 54.001
2729, 54.004
2730, 54.003
2731, 54.008
2732, 54.009
2733, 54.009
2734, 54.008
2735, 54.011
2736, 54.011
2737, 54.013
2738, 54.016
2739, 54.016
2740, 54.017
2741, 54.019
2742, 54.022
2743, 54.025
2744, 54.027
2745, 54.027
2746, 54.025
2747, 54.028
2748, 54.032
2749, 54.032
2750, 54.032
2751, 54.034
2752, 54.037
2753, 54.037
2754, 54.039
2755, 54.041
2756, 54.043
2757, 54.043
2758, 54.043
2759, 54.046
2760, 54.049
2761, 54.054
2762, 54.058
2763, 54.058
2764, 54.057
2765, 54.060
2766, 54.064
2767, 54.066
2768, 54.065
2769, 54.066
2770, 54.064
2771, 54.063
2772, 54.063
2773, 54.065
2774, 54.067
2775, 54.069
2776, 54.071
2777, 54.068
2778, 54.069
2779, 54.072
2780, 54.073
2781, 54.070
2782, 54.072
2783, 54.072
2784, 54.075
2785, 54.077
2786, 54.075
2787, 54.073
2788, 54.076
2789, 54.077
2790, 54.078
2791, 54.077
2792, 54.080
2793, 54.083
2794, 54.083
2795, 54.083
2796, 54.083
2797, 54.085
2798, 54.087
2799, 54.089
2800, 54.088
2801, 54.088
2802, 54.089
2803, 54.091
2804, 54.090
2805, 54.091
2806, 54.092
2807, 54.095
2808, 54.095
2809, 54.098
2810, 54.101
2811, 54.102
2812, 54.102
2813, 54.103
2814, 54.104
2815, 54.105
2816, 54.107
2817, 54.110
2818, 54.111
2819, 54.113
2820, 54.115
2821, 54.116
2822, 54.119
2823, 54.122
2824, 54.128
2825, 54.131
2826, 54.134
2827, 54.135
2828, 54.136
2829, 54.138
2830, 54.137
2831, 54.137
2832, 54.138
2833, 54.139
2834, 54.139
2835, 54.142
2836, 54.146
2837, 54.146
2838, 54.146
2839, 54.149
2840, 54.150
2841, 54.154
2842, 54.152
2843, 54.152
2844, 54.152
2845, 54.153
2846, 54.155
2847, 54.158
2848, 54.163
2849, 54.166
2850, 54.168
2851, 54.169
2852, 54.170
2853, 54.172
2854, 54.175
2855, 54.181
2856, 54.186
2857, 54.186
2858, 54.186
2859, 54.187
2860, 54.189
2861, 54.192
2862, 54.195
2863, 54.199
2864, 54.203
2865, 54.207
2866, 54.207
2867, 54.209
2868, 54.213
2869, 54.214
2870, 54.216
2871, 54.218
2872, 54.219
2873, 54.224
2874, 54.225
2875, 54.228
2876, 54.234
2877, 54.238
2878, 54.239
2879, 54.240
2880, 54.240
2881, 54.241
2882, 54.242
2883, 54.245
2884, 54.248
2885, 54.250
2886, 54.251
2887, 54.251
2888, 54.252
2889, 54.257
2890, 54.261
2891, 54.263
2892, 54.267
2893, 54.270
2894, 54.272
2895, 54.278
2896, 54.283
2897, 54.283
2898, 54.286
2899, 54.288
2900, 54.290
2901, 54.293
2902, 54.293
2903, 54.296
2904, 54.298
2905, 54.301
2906, 54.301
2907, 54.301
2908, 54.304
2909, 54.305
2910, 54.311
2911, 54.317
2912, 54.320
2913, 54.322
2914, 54.326
2915, 54.327
2916, 54.327
2917, 54.327
2918, 54.330
2919, 54.331
2920, 54.334
2921, 54.338
2922, 54.343
2923, 54.344
2924, 54.348
2925, 54.350
2926, 54.353
2927, 54.357
2928, 54.358
2929, 54.360
2930, 54.363
2931, 54.368
2932, 54.369
2933, 54.372
2934, 54.374
2935, 54.376
2936, 54.378
2937, 54.380
2938, 54.383
2939, 54.386
2940, 54.391
2941, 54.396
2942, 54.397
2943, 54.400
2944, 54.406
2945, 54.407
2946, 54.411
2947, 54.413
2948, 54.417
2949, 54.418
2950, 54.420
2951, 54.419
2952, 54.420
2953, 54.421
2954, 54.426
2955, 54.430
2956, 54.432
2957, 54.435
2958, 54.438
2959, 54.440
2960, 54.443
2961, 54.443
2962, 54.444
2963, 54.448
2964, 54.450
2965, 54.452
2966, 54.454
2967, 54.455
2968, 54.456
2969, 54.460
2970, 54.465
2971, 54.467
2972, 54.470
2973, 54.470
2974, 54.474
2975, 54.476
2976, 54.479
2977, 54.480
2978, 54.480
2979, 54.484
2980, 54.483
2981, 54.484
2982, 54.489
2983, 54.489
2984, 54.493
2985, 54.495
2986, 54.497
2987, 54.501
2988, 54.501
2989, 54.505
2990, 54.508
2991, 54.512
2992, 54.512
2993, 54.515
2994, 54.518
2995, 54.524
2996, 54.529
2997, 54.531
2998, 54.535
2999, 54.538
3000, 54.538
3001, 54.540
3002, 54.541
3003, 54.545
3004, 54.545
3005, 54.544
3006, 54.546
3007, 54.549
3008, 54.553
3009, 54.559
3010, 54.563
3011, 54.563
3012, 54.566
3013, 54.569
3014, 54.570
3015, 54.573
3016, 54.574
3017, 54.576
3018, 54.579
3019, 54.580
3020, 54.585
3021, 54.587
3022, 54.588
3023, 54.592
3024, 54.592
3025, 54.594
3026, 54.597
3027, 54.598
3028, 54.598
3029, 54.602
3030, 54.603
3031, 54.605
3032, 54.608
3033, 54.609
3034, 54.612
3035, 54.613
3036, 54.615
3037, 54.621
3038, 54.624
3039, 54.625
3040, 54.627
3041, 54.628
3042, 54.628
3043, 54.628
3044, 54.631
3045, 54.631
3046, 54.630
3047, 54.634
3048, 54.636
3049, 54.635
3050, 54.635
3051, 54.637
3052, 54.638
3053, 54.640
3054, 54.646
3055, 54.650
3056, 54.650
3057, 54.650
3058, 54.653
3059, 54.658
3060, 54.659
3061, 54.661
3062, 54.665
3063, 54.666
3064, 54.668
3065, 54.670
3066, 54.673
3067, 54.676
3068, 54.678
3069, 54.679
3070, 54.683
3071, 54.684
3072, 54.688
3073, 54.690
3074, 54.694
3075, 54.696
3076, 54.698
3077, 54.701
3078, 54.702
3079, 54.704
3080, 54.707
3081, 54.707
3082, 54.710
3083, 54.714
3084, 54.716
3085, 54.718
3086, 54.723
3087, 54.727
3088, 54.731
3089, 54.732
3090, 54.733
3091, 54.735
3092, 54.738
3093, 54.737
3094, 54.741
3095, 54.745
3096, 54.746
3097, 54.749
3098, 54.751
3099, 54.754
3100, 54.756
3101, 54.760
3102, 54.764
3103, 54.767
3104, 54.768
3105, 54.770
3106, 54.772
3107, 54.773
3108, 54.775
3109, 54.779
3110, 54.780
3111, 54.781
3112, 54.785
3113, 54.788
3114, 54.791
3115, 54.795
3116, 54.798
3117, 54.800
3118, 54.802
3119, 54.805
3120, 54.807
3121, 54.808
3122, 54.810
3123, 54.812
3124, 54.815
3125, 54.816
3126, 54.816
3127, 54.817
3128, 54.821
3129, 54.823
3130, 54.827
3131, 54.827
3132, 54.828
3133, 54.831
3134, 54.835
3135, 54.837
3136, 54.837
3137, 54.841
3138, 54.842
3139, 54.845
3140, 54.845
3141, 54.845
3142, 54.848
3143, 54.853
3144, 54.852
3145, 54.855
3146, 54.858
3147, 54.858
3148, 54.860
3149, 54.861
3150, 54.866
3151, 54.867
3152, 54.869
3153, 54.873
3154, 54.876
3155, 54.880
3156, 54.884
3157, 54.887
3158, 54.893
3159, 54.895
3160, 54.898
3161, 54.901
3162, 54.902
3163, 54.907
3164, 54.909
3165, 54.910
3166, 54.909
3167, 54.913
3168, 54.913
3169, 54.915
3170, 54.919
3171, 54.923
3172, 54.924
3173, 54.928
3174, 54.931
3175, 54.935
3176, 54.936
3177, 54.942
3178, 54.946
3179, 54.949
3180, 54.952
3181, 54.954
3182, 54.957
3183, 54.958
3184, 54.958
3185, 54.961
3186, 54.962
3187, 54.964
3188, 54.963
3189, 54.966
3190, 54.970
3191, 54.973
3192, 54.974
3193, 54.978
3194, 54.979
3195, 54.983
3196, 54.984
3197, 54.988
3198, 54.987
3199, 54.989
3200, 54.993
3201, 54.994
3202, 54.997
3203, 54.998
3204, 54.999
3205, 55.003
3206, 55.005
3207, 55.007
3208, 55.012
3209, 55.013
3210, 55.014
3211, 55.014
3212, 55.017
3213, 55.019
3214, 55.020
3215, 55.020
3216, 55.021
3217, 55.024
3218, 55.025
3219, 55.028
3220, 55.026
3221, 55.029
3222, 55.030
3223, 55.034
3224, 55.037
3225, 55.040
3226, 55.041
3227, 55.041
3228, 55.046
3229, 55.045
3230, 55.050
3231, 55.054
3232, 55.055
3233, 55.058
3234, 55.059
3235, 55.062
3236, 55.062
3237, 55.063
3238, 55.066
3239, 55.067
3240, 55.068
3241, 55.070
3242, 55.071
3243, 55.074
3244, 55.078
3245, 55.080
3246, 55.081
3247, 55.082
3248, 55.084
3249, 55.087
3250, 55.090
3251, 55.092
3252, 55.095
3253, 55.099
3254, 55.103
3255, 55.104
3256, 55.107
3257, 55.112
3258, 55.114
3259, 55.116
3260, 55.117
3261, 55.121
3262, 55.123
3263, 55.126
3264, 55.128
3265, 55.128
3266, 55.128
3267, 55.131
3268, 55.132
3269, 55.136
3270, 55.137
3271, 55.140
3272, 55.141
3273, 55.146
3274, 55.149
3275, 55.149
3276, 55.149
3277, 55.153
3278, 55.155
3279, 55.156
3280, 55.157
3281, 55.162
3282, 55.164
3283, 55.166
3284, 55.168
3285, 55.169
3286, 55.168
3287, 55.171
3288, 55.173
3289, 55.172
3290, 55.175
3291, 55.176
3292, 55.178
3293, 55.181
3294, 55.184
3295, 55.185
3296, 55.187
3297, 55.190
3298, 55.193
3299, 55.195
3300, 55.196
3301, 55.199
3302, 55.200
3303, 55.204
3304, 55.206
3305, 55.207
3306, 55.208
3307, 55.209
3308, 55.211
3309, 55.216
3310, 55.218
3311, 55.218
3312, 55.218
3313, 55.220
3314, 55.222
3315, 55.224
3316, 55.227
3317, 55.230
3318, 55.231
3319, 55.235
3320, 55.237
3321, 55.239
3322, 55.241
3323, 55.243
3324, 55.246
3325, 55.248
3326, 55.253
3327, 55.254
3328, 55.255
3329, 55.256
3330, 55.257
3331, 55.257
3332, 55.258
3333, 55.261
3334, 55.260
3335, 55.262
3336, 55.263
3337, 55.267
3338, 55.270
3339, 55.270
3340, 55.272
3341, 55.274
3342, 55.276
3343, 55.280
3344, 55.281
3345, 55.284
3346, 55.287
3347, 55.291
3348, 55.292
3349, 55.293
3350, 55.296
3351, 55.301
3352, 55.303
3353, 55.306
3354, 55.309
3355, 55.312
3356, 55.315
3357, 55.316
3358, 55.317
3359, 55.319
3360, 55.322
3361, 55.323
3362, 55.324
3363, 55.330
3364, 55.332
3365, 55.335
3366, 55.336
3367, 55.338
3368, 55.341
3369, 55.346
3370, 55.347
3371, 55.349
3372, 55.350
3373, 55.353
3374, 55.357
3375, 55.357
3376, 55.360
3377, 55.360
3378, 55.363
3379, 55.364
3380, 55.366
3381, 55.368
3382, 55.371
3383, 55.372
3384, 55.373
3385, 55.376
3386, 55.377
3387, 55.379
3388, 55.384
3389, 55.385
3390, 55.388
3391, 55.393
3392, 55.395
3393, 55.397
3394, 55.400
3395, 55.402
3396, 55.406
3397, 55.406
3398, 55.409
3399, 55.412
3400, 55.415
3401, 55.417
3402, 55.419
3403, 55.419
3404, 55.422
3405, 55.424
3406, 55.426
3407, 55.427
3408, 55.429
3409, 55.430
3410, 55.434
3411, 55.435
3412, 55.437
3413, 55.438
3414, 55.440
3415, 55.443
3416, 55.444
3417, 55.447
3418, 55.450
3419, 55.454
3420, 55.454
